# Time: 2022-04-21T13:39:54-07:00
# Header Rows: 22
# File Format: 2
# Device: APE PulseLink 150
# Serial: S07246
# Firmware: 787
# Software: 1.8.5.1
# Sensitivity: 1
# Gain: 450
# Scan Range [ps]: 150.0
# Filter ACF: 0
# Average: 16
# Trigger: 0
# Trigger Frequency [Hz]: N/A
# ACF [ps]: 25.368
# Fit Type: None
# Fit Pulse Duration [ps]: 0.000
# FWHM Valid: 0
# ==========
# Delay [ps]	Intensity [arb.u.]
# ==========
-75.000000	0.008492
-74.924962	0.008577
-74.849925	0.008454
-74.774887	0.008569
-74.699850	0.008780
-74.624812	0.008506
-74.549775	0.008720
-74.474737	0.008531
-74.399700	0.008550
-74.324662	0.008830
-74.249625	0.008677
-74.174587	0.008184
-74.099550	0.008456
-74.024512	0.008589
-73.949475	0.008747
-73.874437	0.008760
-73.799400	0.008839
-73.724362	0.008843
-73.649325	0.008756
-73.574287	0.008645
-73.499250	0.008724
-73.424212	0.008631
-73.349175	0.008346
-73.274137	0.008180
-73.199100	0.008743
-73.124062	0.008394
-73.049025	0.008537
-72.973987	0.008689
-72.898949	0.008839
-72.823912	0.008467
-72.748874	0.008616
-72.673837	0.008502
-72.598799	0.008737
-72.523762	0.008712
-72.448724	0.008940
-72.373687	0.008905
-72.298649	0.008895
-72.223612	0.008465
-72.148574	0.008679
-72.073537	0.008685
-71.998499	0.008419
-71.923462	0.008776
-71.848424	0.008745
-71.773387	0.008548
-71.698349	0.008689
-71.623312	0.008620
-71.548274	0.008726
-71.473237	0.008880
-71.398199	0.008803
-71.323162	0.008616
-71.248124	0.008548
-71.173087	0.008560
-71.098049	0.008920
-71.023012	0.008751
-70.947974	0.008469
-70.872936	0.009063
-70.797899	0.008922
-70.722861	0.009017
-70.647824	0.008672
-70.572786	0.008918
-70.497749	0.008857
-70.422711	0.009142
-70.347674	0.009107
-70.272636	0.008878
-70.197599	0.008974
-70.122561	0.009265
-70.047524	0.009069
-69.972486	0.008928
-69.897449	0.008791
-69.822411	0.009036
-69.747374	0.009344
-69.672336	0.009271
-69.597299	0.009213
-69.522261	0.008988
-69.447224	0.009127
-69.372186	0.009096
-69.297149	0.008870
-69.222111	0.009042
-69.147074	0.008697
-69.072036	0.009098
-68.996998	0.009194
-68.921961	0.009069
-68.846923	0.009179
-68.771886	0.009435
-68.696848	0.009493
-68.621811	0.009528
-68.546773	0.009317
-68.471736	0.009447
-68.396698	0.009489
-68.321661	0.009562
-68.246623	0.009715
-68.171586	0.009792
-68.096548	0.009476
-68.021511	0.009609
-67.946473	0.010231
-67.871436	0.009873
-67.796398	0.010465
-67.721361	0.009632
-67.646323	0.010351
-67.571286	0.009934
-67.496248	0.010077
-67.421211	0.010810
-67.346173	0.010308
-67.271136	0.010544
-67.196098	0.010208
-67.121061	0.010540
-67.046023	0.010357
-66.970985	0.010202
-66.895948	0.010652
-66.820910	0.010490
-66.745873	0.010224
-66.670835	0.010711
-66.595798	0.011484
-66.520760	0.011180
-66.445723	0.011124
-66.370685	0.011583
-66.295648	0.011723
-66.220610	0.011801
-66.145573	0.011671
-66.070535	0.011779
-65.995498	0.012167
-65.920460	0.012564
-65.845423	0.012446
-65.770385	0.012514
-65.695348	0.013341
-65.620310	0.012867
-65.545273	0.012988
-65.470235	0.013092
-65.395198	0.013243
-65.320160	0.013341
-65.245123	0.013505
-65.170085	0.013983
-65.095048	0.014467
-65.020010	0.015172
-64.944972	0.015043
-64.869935	0.015413
-64.794897	0.015365
-64.719860	0.016156
-64.644822	0.017654
-64.569785	0.017484
-64.494747	0.017584
-64.419710	0.018880
-64.344672	0.019179
-64.269635	0.018843
-64.194597	0.019204
-64.119560	0.020549
-64.044522	0.021629
-63.969485	0.021274
-63.894447	0.022849
-63.819410	0.022398
-63.744372	0.023632
-63.669335	0.023200
-63.594297	0.024405
-63.519260	0.023246
-63.444222	0.024519
-63.369185	0.024110
-63.294147	0.025178
-63.219110	0.024796
-63.144072	0.023958
-63.069035	0.024199
-62.993997	0.023426
-62.918959	0.024043
-62.843922	0.024405
-62.768884	0.023300
-62.693847	0.022774
-62.618809	0.023038
-62.543772	0.023044
-62.468734	0.021924
-62.393697	0.022718
-62.318659	0.022853
-62.243622	0.021519
-62.168584	0.021467
-62.093547	0.021211
-62.018509	0.020630
-61.943472	0.020692
-61.868434	0.020677
-61.793397	0.020948
-61.718359	0.020632
-61.643322	0.020640
-61.568284	0.019672
-61.493247	0.019707
-61.418209	0.019668
-61.343172	0.020011
-61.268134	0.019030
-61.193097	0.018660
-61.118059	0.018621
-61.043022	0.019142
-60.967984	0.019447
-60.892946	0.018554
-60.817909	0.019688
-60.742871	0.019526
-60.667834	0.019562
-60.592796	0.019256
-60.517759	0.018889
-60.442721	0.018814
-60.367684	0.019221
-60.292646	0.018986
-60.217609	0.018810
-60.142571	0.019223
-60.067534	0.018704
-59.992496	0.019379
-59.917459	0.019483
-59.842421	0.019192
-59.767384	0.019204
-59.692346	0.020177
-59.617309	0.019815
-59.542271	0.019936
-59.467234	0.020324
-59.392196	0.020472
-59.317159	0.020150
-59.242121	0.019844
-59.167084	0.019067
-59.092046	0.020094
-59.017009	0.020551
-58.941971	0.020322
-58.866933	0.019732
-58.791896	0.020060
-58.716858	0.019996
-58.641821	0.020239
-58.566783	0.020846
-58.491746	0.019718
-58.416708	0.020347
-58.341671	0.020112
-58.266633	0.020912
-58.191596	0.020023
-58.116558	0.020160
-58.041521	0.020833
-57.966483	0.020260
-57.891446	0.020281
-57.816408	0.020538
-57.741371	0.020763
-57.666333	0.020426
-57.591296	0.020445
-57.516258	0.021116
-57.441221	0.020937
-57.366183	0.020908
-57.291146	0.020478
-57.216108	0.021922
-57.141071	0.020457
-57.066033	0.021679
-56.990995	0.021633
-56.915958	0.021263
-56.840920	0.021108
-56.765883	0.021432
-56.690845	0.021579
-56.615808	0.020771
-56.540770	0.022446
-56.465733	0.021500
-56.390695	0.021149
-56.315658	0.021184
-56.240620	0.021666
-56.165583	0.021004
-56.090545	0.020545
-56.015508	0.020225
-55.940470	0.020696
-55.865433	0.020214
-55.790395	0.019921
-55.715358	0.020503
-55.640320	0.020474
-55.565283	0.019902
-55.490245	0.020301
-55.415208	0.019734
-55.340170	0.019819
-55.265133	0.019223
-55.190095	0.019483
-55.115058	0.019329
-55.040020	0.019283
-54.964982	0.019861
-54.889945	0.020727
-54.814907	0.020399
-54.739870	0.020659
-54.664832	0.021342
-54.589795	0.021540
-54.514757	0.021224
-54.439720	0.021677
-54.364682	0.022842
-54.289645	0.021284
-54.214607	0.022032
-54.139570	0.022005
-54.064532	0.021542
-53.989495	0.022296
-53.914457	0.023158
-53.839420	0.022545
-53.764382	0.022213
-53.689345	0.022867
-53.614307	0.022745
-53.539270	0.023185
-53.464232	0.023171
-53.389195	0.022169
-53.314157	0.022562
-53.239120	0.023081
-53.164082	0.022942
-53.089045	0.021916
-53.014007	0.022471
-52.938969	0.022685
-52.863932	0.022818
-52.788894	0.023435
-52.713857	0.023430
-52.638819	0.024060
-52.563782	0.024226
-52.488744	0.024286
-52.413707	0.024742
-52.338669	0.025253
-52.263632	0.024804
-52.188594	0.024939
-52.113557	0.025604
-52.038519	0.025417
-51.963482	0.025251
-51.888444	0.024239
-51.813407	0.025005
-51.738369	0.025980
-51.663332	0.025745
-51.588294	0.027866
-51.513257	0.027378
-51.438219	0.026813
-51.363182	0.026647
-51.288144	0.027175
-51.213107	0.027069
-51.138069	0.027488
-51.063032	0.026657
-50.987994	0.026200
-50.912956	0.027121
-50.837919	0.025726
-50.762881	0.027305
-50.687844	0.026539
-50.612806	0.026237
-50.537769	0.025996
-50.462731	0.026576
-50.387694	0.025188
-50.312656	0.024864
-50.237619	0.024737
-50.162581	0.024075
-50.087544	0.024303
-50.012506	0.024509
-49.937469	0.023746
-49.862431	0.024033
-49.787394	0.024045
-49.712356	0.023397
-49.637319	0.022165
-49.562281	0.023239
-49.487244	0.022134
-49.412206	0.022651
-49.337169	0.022132
-49.262131	0.022865
-49.187094	0.021858
-49.112056	0.021392
-49.037019	0.022242
-48.961981	0.021577
-48.886943	0.021615
-48.811906	0.021839
-48.736868	0.021324
-48.661831	0.021650
-48.586793	0.021149
-48.511756	0.021592
-48.436718	0.020235
-48.361681	0.020233
-48.286643	0.020162
-48.211606	0.020243
-48.136568	0.019911
-48.061531	0.020152
-47.986493	0.019917
-47.911456	0.018978
-47.836418	0.020038
-47.761381	0.019871
-47.686343	0.020783
-47.611306	0.021332
-47.536268	0.020991
-47.461231	0.021292
-47.386193	0.021411
-47.311156	0.021442
-47.236118	0.020698
-47.161081	0.020060
-47.086043	0.021008
-47.011006	0.020821
-46.935968	0.021226
-46.860930	0.021105
-46.785893	0.021671
-46.710855	0.021573
-46.635818	0.021268
-46.560780	0.021874
-46.485743	0.022360
-46.410705	0.021621
-46.335668	0.021820
-46.260630	0.022128
-46.185593	0.022581
-46.110555	0.022527
-46.035518	0.022365
-45.960480	0.023653
-45.885443	0.022761
-45.810405	0.022610
-45.735368	0.023246
-45.660330	0.022078
-45.585293	0.023734
-45.510255	0.023173
-45.435218	0.022140
-45.360180	0.022653
-45.285143	0.022834
-45.210105	0.022468
-45.135068	0.021889
-45.060030	0.022504
-44.984992	0.022932
-44.909955	0.022319
-44.834917	0.022194
-44.759880	0.022313
-44.684842	0.021986
-44.609805	0.023162
-44.534767	0.021380
-44.459730	0.022265
-44.384692	0.023092
-44.309655	0.022685
-44.234617	0.022281
-44.159580	0.022622
-44.084542	0.022358
-44.009505	0.023383
-43.934467	0.023104
-43.859430	0.023069
-43.784392	0.023374
-43.709355	0.024638
-43.634317	0.024066
-43.559280	0.024843
-43.484242	0.025888
-43.409205	0.025037
-43.334167	0.025670
-43.259130	0.025475
-43.184092	0.026661
-43.109055	0.026848
-43.034017	0.026555
-42.958979	0.025548
-42.883942	0.026981
-42.808904	0.026431
-42.733867	0.026034
-42.658829	0.026094
-42.583792	0.026038
-42.508754	0.025718
-42.433717	0.026196
-42.358679	0.025741
-42.283642	0.026208
-42.208604	0.025419
-42.133567	0.026088
-42.058529	0.025832
-41.983492	0.026115
-41.908454	0.026929
-41.833417	0.025874
-41.758379	0.026911
-41.683342	0.026576
-41.608304	0.027100
-41.533267	0.027112
-41.458229	0.027688
-41.383192	0.028226
-41.308154	0.027501
-41.233117	0.027769
-41.158079	0.028197
-41.083042	0.028857
-41.008004	0.028369
-40.932966	0.029207
-40.857929	0.030185
-40.782891	0.030549
-40.707854	0.030671
-40.632816	0.030038
-40.557779	0.030545
-40.482741	0.030011
-40.407704	0.030144
-40.332666	0.028895
-40.257629	0.028668
-40.182591	0.028134
-40.107554	0.027833
-40.032516	0.027918
-39.957479	0.027835
-39.882441	0.027883
-39.807404	0.027426
-39.732366	0.026815
-39.657329	0.026786
-39.582291	0.025313
-39.507254	0.026090
-39.432216	0.025710
-39.357179	0.025714
-39.282141	0.024646
-39.207104	0.024386
-39.132066	0.024669
-39.057029	0.023898
-38.981991	0.023919
-38.906953	0.023530
-38.831916	0.023077
-38.756878	0.021509
-38.681841	0.021241
-38.606803	0.021220
-38.531766	0.021064
-38.456728	0.020439
-38.381691	0.019248
-38.306653	0.019585
-38.231616	0.018560
-38.156578	0.018120
-38.081541	0.018718
-38.006503	0.018307
-37.931466	0.017251
-37.856428	0.017145
-37.781391	0.016682
-37.706353	0.017276
-37.631316	0.016759
-37.556278	0.017372
-37.481241	0.017102
-37.406203	0.016946
-37.331166	0.016098
-37.256128	0.015566
-37.181091	0.016019
-37.106053	0.016252
-37.031016	0.015836
-36.955978	0.015597
-36.880940	0.016019
-36.805903	0.015321
-36.730865	0.015280
-36.655828	0.015296
-36.580790	0.015344
-36.505753	0.016173
-36.430715	0.015190
-36.355678	0.015234
-36.280640	0.015007
-36.205603	0.015215
-36.130565	0.014978
-36.055528	0.015367
-35.980490	0.015271
-35.905453	0.015041
-35.830415	0.014802
-35.755378	0.014168
-35.680340	0.014542
-35.605303	0.014268
-35.530265	0.013717
-35.455228	0.013553
-35.380190	0.013476
-35.305153	0.013555
-35.230115	0.013445
-35.155078	0.013788
-35.080040	0.013923
-35.005003	0.013844
-34.929965	0.014095
-34.854927	0.013867
-34.779890	0.014126
-34.704852	0.013879
-34.629815	0.014673
-34.554777	0.014455
-34.479740	0.014596
-34.404702	0.014270
-34.329665	0.014741
-34.254627	0.014230
-34.179590	0.014635
-34.104552	0.014045
-34.029515	0.014419
-33.954477	0.014101
-33.879440	0.014428
-33.804402	0.014544
-33.729365	0.013883
-33.654327	0.013592
-33.579290	0.013491
-33.504252	0.013299
-33.429215	0.012880
-33.354177	0.012768
-33.279140	0.012502
-33.204102	0.012354
-33.129065	0.011625
-33.054027	0.011820
-32.978989	0.011631
-32.903952	0.011193
-32.828914	0.010328
-32.753877	0.010738
-32.678839	0.010472
-32.603802	0.010767
-32.528764	0.010628
-32.453727	0.009969
-32.378689	0.010393
-32.303652	0.010241
-32.228614	0.010146
-32.153577	0.009769
-32.078539	0.009963
-32.003502	0.010220
-31.928464	0.010069
-31.853427	0.010247
-31.778389	0.010303
-31.703352	0.010434
-31.628314	0.010154
-31.553277	0.010569
-31.478239	0.010544
-31.403202	0.010276
-31.328164	0.009902
-31.253127	0.010268
-31.178089	0.009917
-31.103052	0.010341
-31.028014	0.010152
-30.952976	0.009686
-30.877939	0.009711
-30.802901	0.009815
-30.727864	0.009321
-30.652826	0.009250
-30.577789	0.009325
-30.502751	0.009495
-30.427714	0.009148
-30.352676	0.009117
-30.277639	0.009063
-30.202601	0.008487
-30.127564	0.009040
-30.052526	0.008735
-29.977489	0.008766
-29.902451	0.008907
-29.827414	0.008699
-29.752376	0.008635
-29.677339	0.008872
-29.602301	0.008783
-29.527264	0.008818
-29.452226	0.008978
-29.377189	0.008739
-29.302151	0.008598
-29.227114	0.008591
-29.152076	0.008739
-29.077039	0.008845
-29.002001	0.008583
-28.926963	0.008600
-28.851926	0.008352
-28.776888	0.008963
-28.701851	0.008668
-28.626813	0.008882
-28.551776	0.008747
-28.476738	0.008780
-28.401701	0.008731
-28.326663	0.008539
-28.251626	0.008716
-28.176588	0.008697
-28.101551	0.008743
-28.026513	0.008712
-27.951476	0.008822
-27.876438	0.008978
-27.801401	0.008681
-27.726363	0.008618
-27.651326	0.008793
-27.576288	0.008510
-27.501251	0.008558
-27.426213	0.008822
-27.351176	0.008579
-27.276138	0.008652
-27.201101	0.008747
-27.126063	0.008325
-27.051026	0.008726
-26.975988	0.008712
-26.900950	0.008627
-26.825913	0.008635
-26.750875	0.008785
-26.675838	0.008575
-26.600800	0.008535
-26.525763	0.008737
-26.450725	0.008660
-26.375688	0.008722
-26.300650	0.008421
-26.225613	0.008469
-26.150575	0.008625
-26.075538	0.008778
-26.000500	0.008463
-25.925463	0.008656
-25.850425	0.008546
-25.775388	0.008371
-25.700350	0.008492
-25.625313	0.008575
-25.550275	0.008575
-25.475238	0.008558
-25.400200	0.008585
-25.325163	0.008552
-25.250125	0.008620
-25.175088	0.008573
-25.100050	0.008371
-25.025013	0.008810
-24.949975	0.008926
-24.874937	0.008382
-24.799900	0.008639
-24.724862	0.008400
-24.649825	0.008579
-24.574787	0.008492
-24.499750	0.008463
-24.424712	0.008465
-24.349675	0.008891
-24.274637	0.008679
-24.199600	0.008668
-24.124562	0.008687
-24.049525	0.008664
-23.974487	0.008907
-23.899450	0.008743
-23.824412	0.008512
-23.749375	0.008772
-23.674337	0.008930
-23.599300	0.008841
-23.524262	0.008701
-23.449225	0.008355
-23.374187	0.008650
-23.299150	0.008633
-23.224112	0.008550
-23.149075	0.008918
-23.074037	0.008751
-22.998999	0.008577
-22.923962	0.008801
-22.848924	0.008546
-22.773887	0.008645
-22.698849	0.008350
-22.623812	0.008799
-22.548774	0.009036
-22.473737	0.008631
-22.398699	0.008859
-22.323662	0.008683
-22.248624	0.008552
-22.173587	0.008340
-22.098549	0.008558
-22.023512	0.008843
-21.948474	0.008652
-21.873437	0.008498
-21.798399	0.008670
-21.723362	0.008876
-21.648324	0.008579
-21.573287	0.008712
-21.498249	0.008859
-21.423212	0.008450
-21.348174	0.008444
-21.273137	0.008866
-21.198099	0.008903
-21.123062	0.008691
-21.048024	0.008662
-20.972986	0.008355
-20.897949	0.008623
-20.822911	0.008652
-20.747874	0.008527
-20.672836	0.008647
-20.597799	0.008830
-20.522761	0.008575
-20.447724	0.008539
-20.372686	0.008803
-20.297649	0.008323
-20.222611	0.008884
-20.147574	0.008608
-20.072536	0.008888
-19.997499	0.008307
-19.922461	0.008602
-19.847424	0.008668
-19.772386	0.008837
-19.697349	0.008552
-19.622311	0.008421
-19.547274	0.008701
-19.472236	0.008579
-19.397199	0.008479
-19.322161	0.008745
-19.247124	0.008633
-19.172086	0.008436
-19.097049	0.008602
-19.022011	0.008949
-18.946973	0.008600
-18.871936	0.008693
-18.796898	0.008689
-18.721861	0.008706
-18.646823	0.008918
-18.571786	0.008807
-18.496748	0.008756
-18.421711	0.008577
-18.346673	0.008386
-18.271636	0.008500
-18.196598	0.008710
-18.121561	0.008780
-18.046523	0.008348
-17.971486	0.008764
-17.896448	0.008650
-17.821411	0.008959
-17.746373	0.008905
-17.671336	0.008938
-17.596298	0.008749
-17.521261	0.008681
-17.446223	0.008448
-17.371186	0.008654
-17.296148	0.008722
-17.221111	0.008768
-17.146073	0.008629
-17.071036	0.008631
-16.995998	0.009030
-16.920960	0.008853
-16.845923	0.008799
-16.770885	0.008631
-16.695848	0.008735
-16.620810	0.008753
-16.545773	0.008855
-16.470735	0.008714
-16.395698	0.008866
-16.320660	0.008635
-16.245623	0.008645
-16.170585	0.008610
-16.095548	0.008396
-16.020510	0.008502
-15.945473	0.008772
-15.870435	0.008701
-15.795398	0.008812
-15.720360	0.008853
-15.645323	0.008569
-15.570285	0.008494
-15.495248	0.008645
-15.420210	0.008664
-15.345173	0.008542
-15.270135	0.008658
-15.195098	0.008672
-15.120060	0.008614
-15.045023	0.008697
-14.969985	0.008631
-14.894947	0.008502
-14.819910	0.008562
-14.744872	0.008643
-14.669835	0.008483
-14.594797	0.008749
-14.519760	0.008872
-14.444722	0.008625
-14.369685	0.008253
-14.294647	0.008753
-14.219610	0.008878
-14.144572	0.008895
-14.069535	0.008573
-13.994497	0.008604
-13.919460	0.009005
-13.844422	0.008893
-13.769385	0.008417
-13.694347	0.008398
-13.619310	0.008691
-13.544272	0.008795
-13.469235	0.008866
-13.394197	0.008797
-13.319160	0.008635
-13.244122	0.008654
-13.169085	0.008695
-13.094047	0.008529
-13.019010	0.008645
-12.943972	0.008972
-12.868934	0.008853
-12.793897	0.008546
-12.718859	0.008947
-12.643822	0.008616
-12.568784	0.008726
-12.493747	0.008396
-12.418709	0.008934
-12.343672	0.008907
-12.268634	0.008847
-12.193597	0.008633
-12.118559	0.008585
-12.043522	0.008681
-11.968484	0.008706
-11.893447	0.008697
-11.818409	0.008733
-11.743372	0.008722
-11.668334	0.008743
-11.593297	0.008596
-11.518259	0.008616
-11.443222	0.008866
-11.368184	0.008529
-11.293147	0.009098
-11.218109	0.009005
-11.143072	0.008523
-11.068034	0.008789
-10.992996	0.008972
-10.917959	0.008799
-10.842921	0.008741
-10.767884	0.008647
-10.692846	0.009105
-10.617809	0.008992
-10.542771	0.008799
-10.467734	0.008716
-10.392696	0.008793
-10.317659	0.008357
-10.242621	0.008535
-10.167584	0.008560
-10.092546	0.008672
-10.017509	0.008764
-9.942471	0.008463
-9.867434	0.008866
-9.792396	0.008901
-9.717359	0.008550
-9.642321	0.008756
-9.567284	0.008542
-9.492246	0.008629
-9.417209	0.008550
-9.342171	0.008724
-9.267134	0.008812
-9.192096	0.008764
-9.117059	0.008864
-9.042021	0.008708
-8.966983	0.008768
-8.891946	0.008793
-8.816908	0.008828
-8.741871	0.008737
-8.666833	0.008631
-8.591796	0.008776
-8.516758	0.008810
-8.441721	0.008469
-8.366683	0.008803
-8.291646	0.008766
-8.216608	0.008631
-8.141571	0.008529
-8.066533	0.008525
-7.991496	0.008839
-7.916458	0.008251
-7.841421	0.009084
-7.766383	0.008687
-7.691346	0.009034
-7.616308	0.008400
-7.541271	0.008701
-7.466233	0.008431
-7.391196	0.008664
-7.316158	0.008710
-7.241121	0.008934
-7.166083	0.008739
-7.091046	0.008600
-7.016008	0.008731
-6.940970	0.008868
-6.865933	0.008404
-6.790895	0.008907
-6.715858	0.008866
-6.640820	0.008641
-6.565783	0.009036
-6.490745	0.008467
-6.415708	0.008961
-6.340670	0.008832
-6.265633	0.008839
-6.190595	0.008997
-6.115558	0.008566
-6.040520	0.008396
-5.965483	0.008413
-5.890445	0.008620
-5.815408	0.008841
-5.740370	0.008537
-5.665333	0.009053
-5.590295	0.009021
-5.515258	0.008668
-5.440220	0.008660
-5.365183	0.008546
-5.290145	0.008807
-5.215108	0.008789
-5.140070	0.008718
-5.065033	0.008481
-4.989995	0.008895
-4.914957	0.008456
-4.839920	0.008701
-4.764882	0.008878
-4.689845	0.008731
-4.614807	0.008685
-4.539770	0.008423
-4.464732	0.008535
-4.389695	0.008797
-4.314657	0.008793
-4.239620	0.008623
-4.164582	0.008498
-4.089545	0.008519
-4.014507	0.008481
-3.939470	0.008679
-3.864432	0.008722
-3.789395	0.008731
-3.714357	0.008583
-3.639320	0.009032
-3.564282	0.008837
-3.489245	0.008907
-3.414207	0.008496
-3.339170	0.008841
-3.264132	0.008600
-3.189095	0.008654
-3.114057	0.008431
-3.039020	0.009065
-2.963982	0.008481
-2.888944	0.008695
-2.813907	0.008456
-2.738869	0.008799
-2.663832	0.008469
-2.588794	0.008839
-2.513757	0.008699
-2.438719	0.008473
-2.363682	0.008627
-2.288644	0.009080
-2.213607	0.008539
-2.138569	0.008554
-2.063532	0.008674
-1.988494	0.008606
-1.913457	0.008772
-1.838419	0.008778
-1.763382	0.008670
-1.688344	0.008864
-1.613307	0.008797
-1.538269	0.008864
-1.463232	0.008805
-1.388194	0.008778
-1.313157	0.009007
-1.238119	0.008602
-1.163082	0.008934
-1.088044	0.008585
-1.013007	0.008726
-0.937969	0.008716
-0.862931	0.008745
-0.787894	0.008490
-0.712856	0.008687
-0.637819	0.008716
-0.562781	0.008361
-0.487744	0.008843
-0.412706	0.008764
-0.337669	0.008882
-0.262631	0.009003
-0.187594	0.008760
-0.112556	0.008789
-0.037519	0.008886
0.037519	0.008945
0.112556	0.008625
0.187594	0.008783
0.262631	0.008683
0.337669	0.008579
0.412706	0.008602
0.487744	0.008816
0.562781	0.008780
0.637819	0.008899
0.712856	0.008571
0.787894	0.008724
0.862931	0.008801
0.937969	0.008870
1.013007	0.008791
1.088044	0.008876
1.163082	0.008828
1.238119	0.009092
1.313157	0.008583
1.388194	0.008542
1.463232	0.008785
1.538269	0.008623
1.613307	0.008901
1.688344	0.008737
1.763382	0.008460
1.838419	0.008647
1.913457	0.008795
1.988494	0.008544
2.063532	0.008440
2.138569	0.008492
2.213607	0.008818
2.288644	0.008905
2.363682	0.008523
2.438719	0.008720
2.513757	0.008147
2.588794	0.008529
2.663832	0.008841
2.738869	0.008556
2.813907	0.008610
2.888944	0.008699
2.963982	0.008369
3.039020	0.008729
3.114057	0.008780
3.189095	0.008477
3.264132	0.008706
3.339170	0.008760
3.414207	0.008756
3.489245	0.008419
3.564282	0.008425
3.639320	0.008629
3.714357	0.008672
3.789395	0.008614
3.864432	0.008589
3.939470	0.008340
4.014507	0.008303
4.089545	0.008760
4.164582	0.008573
4.239620	0.008766
4.314657	0.008731
4.389695	0.008687
4.464732	0.008637
4.539770	0.008328
4.614807	0.008217
4.689845	0.008610
4.764882	0.008697
4.839920	0.008662
4.914957	0.008325
4.989995	0.008537
5.065033	0.008606
5.140070	0.008153
5.215108	0.008448
5.290145	0.008820
5.365183	0.008487
5.440220	0.008687
5.515258	0.008893
5.590295	0.008542
5.665333	0.008321
5.740370	0.009001
5.815408	0.008664
5.890445	0.008575
5.965483	0.008386
6.040520	0.008569
6.115558	0.008726
6.190595	0.008394
6.265633	0.008344
6.340670	0.008820
6.415708	0.008392
6.490745	0.008635
6.565783	0.008783
6.640820	0.008417
6.715858	0.008359
6.790895	0.008519
6.865933	0.008465
6.940970	0.008612
7.016008	0.008371
7.091046	0.008521
7.166083	0.008685
7.241121	0.008816
7.316158	0.008450
7.391196	0.008785
7.466233	0.008552
7.541271	0.008498
7.616308	0.008394
7.691346	0.008388
7.766383	0.008618
7.841421	0.008261
7.916458	0.008477
7.991496	0.008294
8.066533	0.008479
8.141571	0.008726
8.216608	0.008446
8.291646	0.008379
8.366683	0.008494
8.441721	0.008456
8.516758	0.008336
8.591796	0.008569
8.666833	0.008943
8.741871	0.008317
8.816908	0.008789
8.891946	0.008654
8.966983	0.008733
9.042021	0.008413
9.117059	0.008423
9.192096	0.008388
9.267134	0.008791
9.342171	0.008471
9.417209	0.008496
9.492246	0.008650
9.567284	0.008598
9.642321	0.008758
9.717359	0.008558
9.792396	0.008442
9.867434	0.008652
9.942471	0.008444
10.017509	0.008456
10.092546	0.008263
10.167584	0.008384
10.242621	0.008180
10.317659	0.008512
10.392696	0.008616
10.467734	0.008604
10.542771	0.008415
10.617809	0.008519
10.692846	0.008668
10.767884	0.008371
10.842921	0.008637
10.917959	0.008454
10.992996	0.008668
11.068034	0.008739
11.143072	0.008396
11.218109	0.008172
11.293147	0.008359
11.368184	0.008677
11.443222	0.008265
11.518259	0.008623
11.593297	0.008616
11.668334	0.008641
11.743372	0.008670
11.818409	0.008544
11.893447	0.008411
11.968484	0.008481
12.043522	0.008433
12.118559	0.008766
12.193597	0.008487
12.268634	0.008419
12.343672	0.008677
12.418709	0.008729
12.493747	0.008325
12.568784	0.008483
12.643822	0.008905
12.718859	0.008203
12.793897	0.008519
12.868934	0.008523
12.943972	0.008930
13.019010	0.008606
13.094047	0.008539
13.169085	0.008739
13.244122	0.008643
13.319160	0.008494
13.394197	0.008614
13.469235	0.008722
13.544272	0.008485
13.619310	0.008564
13.694347	0.008394
13.769385	0.008614
13.844422	0.008265
13.919460	0.008363
13.994497	0.008770
14.069535	0.008575
14.144572	0.008843
14.219610	0.008855
14.294647	0.008365
14.369685	0.008699
14.444722	0.008718
14.519760	0.008693
14.594797	0.008506
14.669835	0.008843
14.744872	0.008477
14.819910	0.008643
14.894947	0.008662
14.969985	0.008562
15.045023	0.008641
15.120060	0.008791
15.195098	0.008485
15.270135	0.008467
15.345173	0.008490
15.420210	0.008396
15.495248	0.008477
15.570285	0.008525
15.645323	0.008764
15.720360	0.008647
15.795398	0.008502
15.870435	0.008481
15.945473	0.008442
16.020510	0.008436
16.095548	0.008575
16.170585	0.008556
16.245623	0.008440
16.320660	0.008589
16.395698	0.008525
16.470735	0.008606
16.545773	0.008317
16.620810	0.008604
16.695848	0.008816
16.770885	0.008332
16.845923	0.008662
16.920960	0.008419
16.995998	0.008637
17.071036	0.008473
17.146073	0.008893
17.221111	0.008515
17.296148	0.008469
17.371186	0.008731
17.446223	0.008550
17.521261	0.008450
17.596298	0.008409
17.671336	0.008359
17.746373	0.008517
17.821411	0.008807
17.896448	0.008527
17.971486	0.008055
18.046523	0.008255
18.121561	0.008537
18.196598	0.008575
18.271636	0.008668
18.346673	0.008708
18.421711	0.008652
18.496748	0.008425
18.571786	0.008614
18.646823	0.008639
18.721861	0.008708
18.796898	0.008271
18.871936	0.008585
18.946973	0.008531
19.022011	0.008392
19.097049	0.008288
19.172086	0.008496
19.247124	0.008444
19.322161	0.008633
19.397199	0.008525
19.472236	0.008683
19.547274	0.008544
19.622311	0.008442
19.697349	0.008554
19.772386	0.008392
19.847424	0.008768
19.922461	0.008300
19.997499	0.008560
20.072536	0.008527
20.147574	0.008560
20.222611	0.008382
20.297649	0.008527
20.372686	0.008452
20.447724	0.008564
20.522761	0.008816
20.597799	0.008328
20.672836	0.008365
20.747874	0.008529
20.822911	0.008797
20.897949	0.008672
20.972986	0.008286
21.048024	0.008465
21.123062	0.008392
21.198099	0.008523
21.273137	0.008278
21.348174	0.008456
21.423212	0.008429
21.498249	0.008612
21.573287	0.008758
21.648324	0.008222
21.723362	0.008612
21.798399	0.008340
21.873437	0.008467
21.948474	0.008496
22.023512	0.008487
22.098549	0.008677
22.173587	0.008232
22.248624	0.008321
22.323662	0.008542
22.398699	0.008608
22.473737	0.008527
22.548774	0.008379
22.623812	0.008463
22.698849	0.008222
22.773887	0.008820
22.848924	0.008338
22.923962	0.008494
22.998999	0.008629
23.074037	0.008587
23.149075	0.008631
23.224112	0.008344
23.299150	0.008334
23.374187	0.008394
23.449225	0.008554
23.524262	0.008444
23.599300	0.008610
23.674337	0.008583
23.749375	0.008386
23.824412	0.008793
23.899450	0.008672
23.974487	0.008423
24.049525	0.008623
24.124562	0.008508
24.199600	0.008527
24.274637	0.008336
24.349675	0.008479
24.424712	0.008452
24.499750	0.008500
24.574787	0.008579
24.649825	0.008768
24.724862	0.008546
24.799900	0.008650
24.874937	0.008517
24.949975	0.008589
25.025013	0.008404
25.100050	0.008415
25.175088	0.008510
25.250125	0.008409
25.325163	0.008581
25.400200	0.008492
25.475238	0.008446
25.550275	0.008444
25.625313	0.008427
25.700350	0.008469
25.775388	0.008382
25.850425	0.008531
25.925463	0.008460
26.000500	0.008438
26.075538	0.008766
26.150575	0.008618
26.225613	0.008373
26.300650	0.008832
26.375688	0.008506
26.450725	0.008479
26.525763	0.008639
26.600800	0.008361
26.675838	0.008633
26.750875	0.008562
26.825913	0.008282
26.900950	0.008533
26.975988	0.008446
27.051026	0.008276
27.126063	0.008627
27.201101	0.008650
27.276138	0.008708
27.351176	0.008251
27.426213	0.008552
27.501251	0.008729
27.576288	0.008463
27.651326	0.008623
27.726363	0.008481
27.801401	0.008666
27.876438	0.008448
27.951476	0.008446
28.026513	0.008446
28.101551	0.008633
28.176588	0.008564
28.251626	0.008456
28.326663	0.008560
28.401701	0.008650
28.476738	0.008814
28.551776	0.008535
28.626813	0.008573
28.701851	0.008240
28.776888	0.008413
28.851926	0.008504
28.926963	0.008259
29.002001	0.008693
29.077039	0.008716
29.152076	0.008677
29.227114	0.008479
29.302151	0.008101
29.377189	0.008708
29.452226	0.008677
29.527264	0.008620
29.602301	0.008647
29.677339	0.008467
29.752376	0.008448
29.827414	0.008346
29.902451	0.008334
29.977489	0.008510
30.052526	0.008569
30.127564	0.008542
30.202601	0.008515
30.277639	0.008706
30.352676	0.008448
30.427714	0.008315
30.502751	0.008729
30.577789	0.008257
30.652826	0.008531
30.727864	0.008421
30.802901	0.008571
30.877939	0.008839
30.952976	0.008812
31.028014	0.008807
31.103052	0.008373
31.178089	0.008539
31.253127	0.008604
31.328164	0.008758
31.403202	0.008442
31.478239	0.008485
31.553277	0.008758
31.628314	0.008323
31.703352	0.008469
31.778389	0.008587
31.853427	0.008504
31.928464	0.008450
32.003502	0.008452
32.078539	0.008780
32.153577	0.008618
32.228614	0.008585
32.303652	0.008562
32.378689	0.008251
32.453727	0.008382
32.528764	0.008477
32.603802	0.008564
32.678839	0.008487
32.753877	0.008627
32.828914	0.008581
32.903952	0.008456
32.978989	0.008515
33.054027	0.008409
33.129065	0.008500
33.204102	0.008548
33.279140	0.008554
33.354177	0.008531
33.429215	0.008290
33.504252	0.008330
33.579290	0.008494
33.654327	0.008508
33.729365	0.008826
33.804402	0.008425
33.879440	0.008704
33.954477	0.008182
34.029515	0.008473
34.104552	0.008510
34.179590	0.008365
34.254627	0.008392
34.329665	0.008631
34.404702	0.008454
34.479740	0.008467
34.554777	0.008743
34.629815	0.008271
34.704852	0.008535
34.779890	0.008641
34.854927	0.008517
34.929965	0.008689
35.005003	0.008593
35.080040	0.008598
35.155078	0.008392
35.230115	0.008614
35.305153	0.008525
35.380190	0.008417
35.455228	0.008487
35.530265	0.008560
35.605303	0.008573
35.680340	0.008591
35.755378	0.008641
35.830415	0.008735
35.905453	0.008708
35.980490	0.008745
36.055528	0.008706
36.130565	0.008731
36.205603	0.008654
36.280640	0.008629
36.355678	0.008564
36.430715	0.008689
36.505753	0.008776
36.580790	0.008562
36.655828	0.008288
36.730865	0.008801
36.805903	0.008390
36.880940	0.008861
36.955978	0.008710
37.031016	0.008309
37.106053	0.008456
37.181091	0.008492
37.256128	0.008687
37.331166	0.008650
37.406203	0.008562
37.481241	0.008531
37.556278	0.008610
37.631316	0.008406
37.706353	0.008271
37.781391	0.008637
37.856428	0.008625
37.931466	0.008479
38.006503	0.008278
38.081541	0.008379
38.156578	0.008201
38.231616	0.008714
38.306653	0.008564
38.381691	0.008670
38.456728	0.008321
38.531766	0.008232
38.606803	0.008772
38.681841	0.008523
38.756878	0.008494
38.831916	0.008546
38.906953	0.008770
38.981991	0.008637
39.057029	0.008469
39.132066	0.008436
39.207104	0.008280
39.282141	0.008758
39.357179	0.008556
39.432216	0.008379
39.507254	0.008533
39.582291	0.008612
39.657329	0.008390
39.732366	0.008627
39.807404	0.008620
39.882441	0.008325
39.957479	0.008658
40.032516	0.008253
40.107554	0.008400
40.182591	0.008481
40.257629	0.008645
40.332666	0.008610
40.407704	0.008743
40.482741	0.008795
40.557779	0.008666
40.632816	0.008693
40.707854	0.008525
40.782891	0.008508
40.857929	0.008531
40.932966	0.008591
41.008004	0.008442
41.083042	0.008502
41.158079	0.008758
41.233117	0.008612
41.308154	0.008469
41.383192	0.008635
41.458229	0.008645
41.533267	0.008637
41.608304	0.008656
41.683342	0.008768
41.758379	0.008677
41.833417	0.008635
41.908454	0.008506
41.983492	0.008741
42.058529	0.008415
42.133567	0.008596
42.208604	0.008822
42.283642	0.008336
42.358679	0.008519
42.433717	0.008535
42.508754	0.008519
42.583792	0.008554
42.658829	0.008357
42.733867	0.008650
42.808904	0.008517
42.883942	0.008298
42.958979	0.008562
43.034017	0.008546
43.109055	0.008695
43.184092	0.008849
43.259130	0.008539
43.334167	0.008591
43.409205	0.008479
43.484242	0.008280
43.559280	0.008683
43.634317	0.008581
43.709355	0.008874
43.784392	0.008290
43.859430	0.008382
43.934467	0.008282
44.009505	0.008433
44.084542	0.008585
44.159580	0.008733
44.234617	0.008458
44.309655	0.008591
44.384692	0.008467
44.459730	0.008745
44.534767	0.008477
44.609805	0.008610
44.684842	0.008517
44.759880	0.008789
44.834917	0.008670
44.909955	0.008531
44.984992	0.008604
45.060030	0.008589
45.135068	0.008641
45.210105	0.008641
45.285143	0.008558
45.360180	0.008529
45.435218	0.008504
45.510255	0.008483
45.585293	0.008776
45.660330	0.008718
45.735368	0.008498
45.810405	0.008257
45.885443	0.008716
45.960480	0.008400
46.035518	0.008290
46.110555	0.008608
46.185593	0.008564
46.260630	0.008492
46.335668	0.008278
46.410705	0.008635
46.485743	0.008456
46.560780	0.008679
46.635818	0.008400
46.710855	0.008515
46.785893	0.008332
46.860930	0.008481
46.935968	0.008733
47.011006	0.008452
47.086043	0.008843
47.161081	0.008720
47.236118	0.008647
47.311156	0.008273
47.386193	0.008527
47.461231	0.008259
47.536268	0.008355
47.611306	0.008936
47.686343	0.008587
47.761381	0.008926
47.836418	0.008722
47.911456	0.008596
47.986493	0.008504
48.061531	0.008460
48.136568	0.008471
48.211606	0.008388
48.286643	0.008244
48.361681	0.008724
48.436718	0.008436
48.511756	0.008421
48.586793	0.008631
48.661831	0.008471
48.736868	0.008683
48.811906	0.008577
48.886943	0.008714
48.961981	0.008411
49.037019	0.008325
49.112056	0.008512
49.187094	0.008618
49.262131	0.008814
49.337169	0.008604
49.412206	0.008394
49.487244	0.008492
49.562281	0.008753
49.637319	0.008566
49.712356	0.008751
49.787394	0.008446
49.862431	0.008685
49.937469	0.008300
50.012506	0.008460
50.087544	0.008496
50.162581	0.008637
50.237619	0.008704
50.312656	0.008737
50.387694	0.008371
50.462731	0.008606
50.537769	0.008650
50.612806	0.008560
50.687844	0.008539
50.762881	0.008342
50.837919	0.008346
50.912956	0.008255
50.987994	0.008544
51.063032	0.008506
51.138069	0.008851
51.213107	0.008485
51.288144	0.008535
51.363182	0.008163
51.438219	0.008477
51.513257	0.008342
51.588294	0.008392
51.663332	0.008737
51.738369	0.008305
51.813407	0.008425
51.888444	0.008298
51.963482	0.008596
52.038519	0.008708
52.113557	0.008286
52.188594	0.008816
52.263632	0.008631
52.338669	0.008240
52.413707	0.008469
52.488744	0.008643
52.563782	0.008656
52.638819	0.008839
52.713857	0.008841
52.788894	0.008560
52.863932	0.008263
52.938969	0.008569
53.014007	0.008398
53.089045	0.008558
53.164082	0.008379
53.239120	0.008533
53.314157	0.008647
53.389195	0.008639
53.464232	0.008643
53.539270	0.008340
53.614307	0.008421
53.689345	0.008496
53.764382	0.008425
53.839420	0.008550
53.914457	0.008400
53.989495	0.008305
54.064532	0.008793
54.139570	0.008546
54.214607	0.008627
54.289645	0.008168
54.364682	0.008795
54.439720	0.008801
54.514757	0.008224
54.589795	0.008616
54.664832	0.008685
54.739870	0.008587
54.814907	0.008785
54.889945	0.008199
54.964982	0.008674
55.040020	0.008633
55.115058	0.008515
55.190095	0.008496
55.265133	0.008774
55.340170	0.008616
55.415208	0.008585
55.490245	0.008504
55.565283	0.008512
55.640320	0.008562
55.715358	0.008454
55.790395	0.008400
55.865433	0.008386
55.940470	0.008562
56.015508	0.008490
56.090545	0.008652
56.165583	0.008460
56.240620	0.008473
56.315658	0.008591
56.390695	0.008242
56.465733	0.008768
56.540770	0.008363
56.615808	0.008375
56.690845	0.008332
56.765883	0.008519
56.840920	0.008770
56.915958	0.008471
56.990995	0.008593
57.066033	0.008891
57.141071	0.008803
57.216108	0.008471
57.291146	0.008751
57.366183	0.008664
57.441221	0.008623
57.516258	0.008246
57.591296	0.008604
57.666333	0.008616
57.741371	0.008344
57.816408	0.008500
57.891446	0.008388
57.966483	0.008583
58.041521	0.008656
58.116558	0.008562
58.191596	0.008573
58.266633	0.008506
58.341671	0.008487
58.416708	0.008552
58.491746	0.008785
58.566783	0.008535
58.641821	0.008253
58.716858	0.008512
58.791896	0.008425
58.866933	0.008190
58.941971	0.008984
59.017009	0.008701
59.092046	0.008471
59.167084	0.008419
59.242121	0.008791
59.317159	0.008423
59.392196	0.008338
59.467234	0.008477
59.542271	0.008768
59.617309	0.008454
59.692346	0.008793
59.767384	0.008473
59.842421	0.008467
59.917459	0.008498
59.992496	0.008448
60.067534	0.008674
60.142571	0.008712
60.217609	0.008596
60.292646	0.008398
60.367684	0.008203
60.442721	0.008625
60.517759	0.008500
60.592796	0.008614
60.667834	0.008515
60.742871	0.008535
60.817909	0.008463
60.892946	0.008458
60.967984	0.008922
61.043022	0.009059
61.118059	0.008379
61.193097	0.008269
61.268134	0.008494
61.343172	0.008425
61.418209	0.008818
61.493247	0.008693
61.568284	0.008284
61.643322	0.008492
61.718359	0.008446
61.793397	0.008417
61.868434	0.008394
61.943472	0.008535
62.018509	0.008699
62.093547	0.008307
62.168584	0.008668
62.243622	0.008386
62.318659	0.008529
62.393697	0.008508
62.468734	0.008907
62.543772	0.008764
62.618809	0.008593
62.693847	0.008552
62.768884	0.008562
62.843922	0.008627
62.918959	0.008537
62.993997	0.008423
63.069035	0.008533
63.144072	0.008271
63.219110	0.008656
63.294147	0.008024
63.369185	0.008683
63.444222	0.008799
63.519260	0.008739
63.594297	0.008282
63.669335	0.008591
63.744372	0.008610
63.819410	0.008373
63.894447	0.008556
63.969485	0.008895
64.044522	0.008556
64.119560	0.008510
64.194597	0.008400
64.269635	0.009019
64.344672	0.008627
64.419710	0.008336
64.494747	0.008419
64.569785	0.008483
64.644822	0.008400
64.719860	0.008552
64.794897	0.008458
64.869935	0.008814
64.944972	0.008483
65.020010	0.008471
65.095048	0.008460
65.170085	0.008612
65.245123	0.008213
65.320160	0.008866
65.395198	0.008629
65.470235	0.008616
65.545273	0.008606
65.620310	0.008550
65.695348	0.008500
65.770385	0.008701
65.845423	0.008242
65.920460	0.008797
65.995498	0.008458
66.070535	0.008633
66.145573	0.008448
66.220610	0.008525
66.295648	0.008512
66.370685	0.008656
66.445723	0.008458
66.520760	0.008689
66.595798	0.008620
66.670835	0.008687
66.745873	0.008631
66.820910	0.008463
66.895948	0.008722
66.970985	0.008666
67.046023	0.008402
67.121061	0.008255
67.196098	0.008731
67.271136	0.008664
67.346173	0.008606
67.421211	0.008566
67.496248	0.008454
67.571286	0.008504
67.646323	0.008359
67.721361	0.008577
67.796398	0.008556
67.871436	0.008916
67.946473	0.008627
68.021511	0.008423
68.096548	0.008404
68.171586	0.008760
68.246623	0.008695
68.321661	0.008587
68.396698	0.008855
68.471736	0.008394
68.546773	0.008625
68.621811	0.008907
68.696848	0.008631
68.771886	0.008741
68.846923	0.008440
68.921961	0.008616
68.996998	0.008226
69.072036	0.008795
69.147074	0.008756
69.222111	0.008454
69.297149	0.008739
69.372186	0.008325
69.447224	0.008215
69.522261	0.008328
69.597299	0.008629
69.672336	0.008564
69.747374	0.008722
69.822411	0.008521
69.897449	0.008537
69.972486	0.008517
70.047524	0.008689
70.122561	0.008234
70.197599	0.008471
70.272636	0.008379
70.347674	0.008425
70.422711	0.008446
70.497749	0.008550
70.572786	0.008458
70.647824	0.008533
70.722861	0.008670
70.797899	0.008502
70.872936	0.008375
70.947974	0.008891
71.023012	0.008558
71.098049	0.008525
71.173087	0.008569
71.248124	0.008772
71.323162	0.008263
71.398199	0.008681
71.473237	0.008448
71.548274	0.008535
71.623312	0.008429
71.698349	0.008539
71.773387	0.008610
71.848424	0.008631
71.923462	0.008442
71.998499	0.008515
72.073537	0.008870
72.148574	0.008485
72.223612	0.008438
72.298649	0.008192
72.373687	0.008325
72.448724	0.008629
72.523762	0.008508
72.598799	0.008762
72.673837	0.008699
72.748874	0.008531
72.823912	0.008417
72.898949	0.008369
72.973987	0.008716
73.049025	0.008598
73.124062	0.008298
73.199100	0.008679
73.274137	0.008294
73.349175	0.008614
73.424212	0.008118
73.499250	0.008444
73.574287	0.008664
73.649325	0.008920
73.724362	0.008523
73.799400	0.008313
73.874437	0.008232
73.949475	0.008596
74.024512	0.008610
74.099550	0.008664
74.174587	0.008355
74.249625	0.008683
74.324662	0.008677
74.399700	0.008604
74.474737	0.008537
74.549775	0.008186
74.624812	0.008699
74.699850	0.008421
74.774887	0.008670
74.849925	0.008699
74.924962	0.008230
75.000000	0.008799
