-2.496573300000000017e+01 5.147050300000000078e-02
-2.489069500000000090e+01 5.218105900000000186e-02
-2.481565799999999911e+01 5.291319800000000156e-02
-2.474061999999999983e+01 5.333986300000000125e-02
-2.466558300000000159e+01 5.416995200000000038e-02
-2.459054499999999877e+01 5.472445199999999982e-02
-2.451550800000000052e+01 5.549145400000000256e-02
-2.444047000000000125e+01 5.641451299999999947e-02
-2.436543299999999945e+01 5.688766399999999751e-02
-2.429039500000000018e+01 5.785056699999999857e-02
-2.421535799999999838e+01 5.877694700000000300e-02
-2.414031999999999911e+01 5.932480600000000076e-02
-2.406528300000000087e+01 6.031759200000000321e-02
-2.399024500000000160e+01 6.081564600000000098e-02
-2.391520799999999980e+01 6.180511200000000233e-02
-2.384017000000000053e+01 6.278295700000000035e-02
-2.376513299999999873e+01 6.326606799999999475e-02
-2.369009499999999946e+01 6.420905000000000362e-02
-2.361505800000000121e+01 6.469216099999999803e-02
-2.354001999999999839e+01 6.556375500000000134e-02
-2.346498199999999912e+01 6.641210599999999853e-02
-2.338994500000000087e+01 6.681718899999999906e-02
-2.331490700000000160e+01 6.758419200000000127e-02
-2.323986999999999981e+01 6.794445000000000345e-02
-2.316483200000000053e+01 6.861350200000000676e-02
-2.308979499999999874e+01 6.920618600000000287e-02
-2.301475699999999946e+01 6.947679499999999397e-02
-2.293972000000000122e+01 6.994994599999999896e-02
-2.286468199999999840e+01 7.015414799999999951e-02
-2.278964500000000015e+01 7.049448399999999615e-02
-2.271460700000000088e+01 7.071030700000000002e-02
-2.263956999999999908e+01 7.082818000000000447e-02
-2.256453199999999981e+01 7.092613000000000389e-02
-2.248949500000000157e+01 7.093775200000000669e-02
-2.241445699999999874e+01 7.088462600000000613e-02
-2.233942000000000050e+01 7.081987900000000224e-02
-2.226438200000000123e+01 7.061567700000000170e-02
-2.218934499999999943e+01 7.041313500000000170e-02
-2.211430700000000016e+01 7.011928400000000394e-02
-2.203926999999999836e+01 6.966439500000000395e-02
-2.196423199999999909e+01 6.940208700000000119e-02
-2.188919500000000085e+01 6.880774300000000454e-02
-2.181415700000000157e+01 6.847902799999999734e-02
-2.173911999999999978e+01 6.775519000000000680e-02
-2.166408200000000051e+01 6.731358299999999628e-02
-2.158904499999999871e+01 6.652333800000000130e-02
-2.151400699999999944e+01 6.569324899999999523e-02
-2.143896900000000016e+01 6.513708899999999524e-02
-2.136393199999999837e+01 6.413932199999999861e-02
-2.128889399999999910e+01 6.362134699999999476e-02
-2.121385700000000085e+01 6.255551199999999368e-02
-2.113881900000000158e+01 6.200765300000000285e-02
-2.106378199999999978e+01 6.089201400000000125e-02
-2.098874400000000051e+01 6.032423299999999794e-02
-2.091370699999999871e+01 5.918202999999999658e-02
-2.083866899999999944e+01 5.834696100000000274e-02
-2.076363200000000120e+01 5.745710500000000137e-02
-2.068859399999999837e+01 5.640123200000000253e-02
-2.061355700000000013e+01 5.575044199999999728e-02
-2.053851900000000086e+01 5.463812299999999678e-02
-2.046348199999999906e+01 5.409358400000000011e-02
-2.038844399999999979e+01 5.303106999999999960e-02
-2.031340700000000155e+01 5.251641499999999685e-02
-2.023836899999999872e+01 5.152362800000000187e-02
-2.016333200000000048e+01 5.104715700000000272e-02
-2.008829400000000120e+01 5.013738000000000222e-02
-2.001325699999999941e+01 4.970739400000000197e-02
-1.993821900000000014e+01 4.889888700000000199e-02
-1.986318199999999834e+01 4.852036600000000227e-02
-1.978814399999999907e+01 4.782309099999999813e-02
-1.971310700000000082e+01 4.750433700000000065e-02
-1.963806900000000155e+01 4.692659500000000150e-02
-1.956303199999999975e+01 4.653147299999999681e-02
-1.948799400000000048e+01 4.621935900000000152e-02
-1.941295600000000121e+01 4.587072200000000266e-02
-1.933791899999999941e+01 4.570802399999999988e-02
-1.926288100000000014e+01 4.540919200000000100e-02
-1.918784399999999835e+01 4.539425099999999658e-02
-1.911280599999999907e+01 4.513526300000000185e-02
-1.903776900000000083e+01 4.527969899999999964e-02
-1.896273100000000156e+01 4.515352499999999991e-02
-1.888769399999999976e+01 4.535938700000000101e-02
-1.881265600000000049e+01 4.540919200000000100e-02
-1.873761899999999869e+01 4.562833599999999851e-02
-1.866258099999999942e+01 4.578771300000000072e-02
-1.858754400000000118e+01 4.607824399999999737e-02
-1.851250599999999835e+01 4.623098099999999738e-02
-1.843746900000000011e+01 4.670413100000000289e-02
-1.836243100000000084e+01 4.698802199999999735e-02
-1.828739399999999904e+01 4.749935699999999900e-02
-1.821235599999999977e+01 4.788119799999999981e-02
-1.813731900000000152e+01 4.845727899999999894e-02
-1.806228099999999870e+01 4.883911999999999975e-02
-1.798724400000000045e+01 4.957624000000000059e-02
-1.791220600000000118e+01 4.999626499999999807e-02
-1.783716899999999939e+01 5.085789699999999913e-02
-1.776213100000000011e+01 5.132274700000000189e-02
-1.768709399999999832e+01 5.230723300000000159e-02
-1.761205599999999905e+01 5.283018899999999962e-02
-1.753701900000000080e+01 5.393586699999999845e-02
-1.746198100000000153e+01 5.452190999999999982e-02
-1.738694299999999870e+01 5.576040300000000005e-02
-1.731190600000000046e+01 5.641617300000000002e-02
-1.723686800000000119e+01 5.780408199999999969e-02
-1.716183099999999939e+01 5.853954100000000049e-02
-1.708679300000000012e+01 6.009678799999999821e-02
-1.701175599999999832e+01 6.092189700000000263e-02
-1.693671799999999905e+01 6.267338499999999812e-02
-1.686168100000000081e+01 6.360308500000000365e-02
-1.678664300000000154e+01 6.534461099999999689e-02
-1.671160599999999974e+01 6.662958900000000295e-02
-1.663656800000000047e+01 6.843918400000000013e-02
-1.656153099999999867e+01 7.005121599999999948e-02
-1.648649299999999940e+01 7.128804900000000611e-02
-1.641145600000000115e+01 7.392441199999999490e-02
-1.633641799999999833e+01 7.532726300000000541e-02
-1.626138100000000009e+01 7.831060300000000640e-02
-1.618634300000000081e+01 7.989773299999999856e-02
-1.611130599999999902e+01 8.327619599999999678e-02
-1.603626799999999974e+01 8.506918800000000391e-02
-1.596123099999999972e+01 8.888261699999999710e-02
-1.588619300000000045e+01 9.090637399999999813e-02
-1.581115600000000043e+01 9.442927199999999466e-02
-1.573611799999999938e+01 9.747735899999999953e-02
-1.566108099999999936e+01 9.984145299999999668e-02
-1.558604300000000009e+01 1.048435699999999970e-01
-1.551100600000000007e+01 1.074865730000000019e-01
-1.543596800000000080e+01 1.130697519999999956e-01
-1.536092999999999975e+01 1.160115879999999988e-01
-1.528589299999999973e+01 1.222090329999999947e-01
-1.521085500000000046e+01 1.254679629999999879e-01
-1.513581800000000044e+01 1.309581720000000116e-01
-1.506077999999999939e+01 1.359038419999999969e-01
-1.498574299999999937e+01 1.396060399999999868e-01
-1.491070500000000010e+01 1.473557510000000070e-01
-1.483566800000000008e+01 1.514049259999999952e-01
-1.476063000000000081e+01 1.598535719999999993e-01
-1.468559300000000079e+01 1.642547050000000008e-01
-1.461055499999999974e+01 1.734105870000000049e-01
-1.453551799999999972e+01 1.781669969999999936e-01
-1.446048000000000044e+01 1.830412800000000006e-01
-1.438544300000000042e+01 1.931418040000000003e-01
-1.431040499999999938e+01 1.983680449999999929e-01
-1.423536799999999936e+01 2.091641830000000035e-01
-1.416033000000000008e+01 2.147340809999999933e-01
-1.408529300000000006e+01 2.258639149999999984e-01
-1.401025500000000079e+01 2.321045250000000060e-01
-1.393521800000000077e+01 2.381110489999999913e-01
-1.386017999999999972e+01 2.504362119999999914e-01
-1.378514299999999970e+01 2.567482090000000050e-01
-1.371010500000000043e+01 2.696627349999999868e-01
-1.363506800000000041e+01 2.762586229999999810e-01
-1.356002999999999936e+01 2.867127640000000088e-01
-1.348499200000000009e+01 2.965642609999999957e-01
-1.340995500000000007e+01 3.034955049999999988e-01
-1.333491700000000080e+01 3.175754760000000232e-01
-1.325988000000000078e+01 3.247192219999999740e-01
-1.318484199999999973e+01 3.391909949999999951e-01
-1.310980499999999971e+01 3.465107210000000215e-01
-1.303476700000000044e+01 3.538819120000000207e-01
-1.295973000000000042e+01 3.687604279999999735e-01
-1.288469199999999937e+01 3.762577919999999798e-01
-1.280965499999999935e+01 3.913488119999999904e-01
-1.273461700000000008e+01 3.989325049999999928e-01
-1.265958000000000006e+01 4.065344610000000136e-01
-1.258454200000000078e+01 4.217798770000000252e-01
-1.250950500000000076e+01 4.294133760000000133e-01
-1.243446699999999971e+01 4.446787139999999749e-01
-1.235942999999999969e+01 4.523005920000000013e-01
-1.228439200000000042e+01 4.603242330000000271e-01
-1.220935500000000040e+01 4.750732550000000276e-01
-1.213431699999999935e+01 4.826171049999999907e-01
-1.205927999999999933e+01 4.976118339999999751e-01
-1.198424200000000006e+01 5.050527519999999937e-01
-1.190920500000000004e+01 5.124505059999999723e-01
-1.183416700000000077e+01 5.271015780000000150e-01
-1.175913000000000075e+01 5.343482560000000214e-01
-1.168409199999999970e+01 5.486656319999999587e-01
-1.160905499999999968e+01 5.557280300000000395e-01
-1.153401700000000041e+01 5.627240199999999914e-01
-1.145897899999999936e+01 5.765001779999999743e-01
-1.138394199999999934e+01 5.832753649999999901e-01
-1.130890400000000007e+01 5.965866739999999835e-01
-1.123386700000000005e+01 6.031178149999999460e-01
-1.115882900000000078e+01 6.095626259999999963e-01
-1.108379200000000075e+01 6.221916010000000385e-01
-1.100875399999999971e+01 6.283691240000000011e-01
-1.093371699999999969e+01 6.368858379999999819e-01
-1.085867900000000041e+01 6.463488530000000010e-01
-1.078364200000000039e+01 6.521544959999999724e-01
-1.070860399999999935e+01 6.634752510000000436e-01
-1.063356699999999933e+01 6.689903630000000323e-01
-1.055852900000000005e+01 6.744091840000000504e-01
-1.048349200000000003e+01 6.849579559999999789e-01
-1.040845400000000076e+01 6.900862460000000143e-01
-1.033341700000000074e+01 6.981812750000000456e-01
-1.025837899999999969e+01 7.049016759999999771e-01
-1.018334199999999967e+01 7.096514459999999636e-01
-1.010830400000000040e+01 7.188753949999999726e-01
-1.003326700000000038e+01 7.233512359999999530e-01
-9.958228999999999331e+00 7.277374260000000206e-01
-9.883191999999999311e+00 7.362508199999999725e-01
-9.808154000000000039e+00 7.403813430000000251e-01
-9.733117000000000019e+00 7.465306430000000493e-01
-9.658079000000000747e+00 7.522831599999999508e-01
-9.583042000000000726e+00 7.560932689999999567e-01
-9.508003999999999678e+00 7.634943429999999642e-01
-9.432966000000000406e+00 7.670886289999999663e-01
-9.357929000000000386e+00 7.706131870000000328e-01
-9.282890999999999337e+00 7.774664019999999454e-01
-9.207853999999999317e+00 7.808000400000000285e-01
-9.132816000000000045e+00 7.840722509999999978e-01
-9.057779000000000025e+00 7.904489949999999876e-01
-8.982741000000000753e+00 7.935568490000000086e-01
-8.907704000000000732e+00 7.982485120000000212e-01
-8.832665999999999684e+00 8.025799169999999760e-01
-8.757628999999999664e+00 8.054951900000000276e-01
-8.682591000000000392e+00 8.111995619999999851e-01
-8.607554000000000372e+00 8.139919810000000311e-01
-8.532515999999999323e+00 8.167478769999999555e-01
-8.457478999999999303e+00 8.221534169999999975e-01
-8.382441000000000031e+00 8.248063820000000046e-01
-8.307404000000000011e+00 8.274278029999999617e-01
-8.232366000000000739e+00 8.325859759999999499e-01
-8.157329000000000718e+00 8.351227289999999526e-01
-8.082290999999999670e+00 8.376345779999999630e-01
-8.007253999999999650e+00 8.425835689999999767e-01
-7.932216000000000378e+00 8.450223709999999944e-01
-7.857179000000000357e+00 8.474395900000000204e-01
-7.782141000000000197e+00 8.522092820000000124e-01
-7.707104000000000177e+00 8.545634149999999929e-01
-7.632066000000000017e+00 8.576364039999999633e-01
-7.557028999999999996e+00 8.615029589999999571e-01
-7.481990999999999836e+00 8.637774030000000547e-01
-7.406952999999999676e+00 8.670064499999999841e-01
-7.331915999999999656e+00 8.704812029999999812e-01
-7.256878000000000384e+00 8.726759579999999739e-01
-7.181841000000000363e+00 8.763731750000000043e-01
-7.106803000000000203e+00 8.791357109999999864e-01
-7.031766000000000183e+00 8.812474580000000390e-01
-6.956728000000000023e+00 8.854012239999999867e-01
-6.881691000000000003e+00 8.874449030000000072e-01
-6.806652999999999842e+00 8.894636790000000071e-01
-6.731615999999999822e+00 8.934265249999999714e-01
-6.656577999999999662e+00 8.953689329999999780e-01
-6.581540999999999642e+00 8.972847790000000323e-01
-6.506503000000000370e+00 9.010334610000000355e-01
-6.431466000000000349e+00 9.028646369999999699e-01
-6.356428000000000189e+00 9.046659310000000342e-01
-6.281391000000000169e+00 9.081738870000000130e-01
-6.206353000000000009e+00 9.098805500000000102e-01
-6.131315999999999988e+00 9.115540100000000256e-01
-6.056277999999999828e+00 9.148013179999999744e-01
-5.981240999999999808e+00 9.163735069999999761e-01
-5.906202999999999648e+00 9.179091719999999954e-01
-5.831165999999999627e+00 9.203878180000000242e-01
-5.756128000000000355e+00 9.223036629999999958e-01
-5.681091000000000335e+00 9.236948919999999896e-01
-5.606053000000000175e+00 9.255094670000000301e-01
-5.531016000000000155e+00 9.276461160000000206e-01
-5.455977999999999994e+00 9.288879300000000283e-01
-5.380939999999999834e+00 9.301895089999999700e-01
-5.305902999999999814e+00 9.323925659999999782e-01
-5.230864999999999654e+00 9.334866229999999598e-01
-5.155827999999999633e+00 9.345690589999999798e-01
-5.080790000000000362e+00 9.365513119999999692e-01
-5.005753000000000341e+00 9.375042540000000368e-01
-4.930715000000000181e+00 9.384206729999999830e-01
-4.855678000000000161e+00 9.401572190000000440e-01
-4.780640000000000001e+00 9.409756870000000051e-01
-4.705602999999999980e+00 9.417659309999999451e-01
-4.630564999999999820e+00 9.432551110000000349e-01
-4.555527999999999800e+00 9.439590270000000061e-01
-4.480489999999999640e+00 9.446363789999999705e-01
-4.405452999999999619e+00 9.459180369999999893e-01
-4.330415000000000347e+00 9.465256619999999899e-01
-4.255378000000000327e+00 9.471117049999999704e-01
-4.180340000000000167e+00 9.482290049999999582e-01
-4.105303000000000146e+00 9.487619219999999798e-01
-4.030264999999999986e+00 9.492815580000000253e-01
-3.955227999999999966e+00 9.498227759999999797e-01
-3.880189999999999806e+00 9.507690779999999897e-01
-3.805152999999999786e+00 9.512455490000000236e-01
-3.730115000000000069e+00 9.517170390000000424e-01
-3.655078000000000049e+00 9.526467389999999646e-01
-3.580039999999999889e+00 9.531082690000000079e-01
-3.505002999999999869e+00 9.535697979999999685e-01
-3.429965000000000153e+00 9.544994980000000018e-01
-3.354926999999999992e+00 9.549709880000000206e-01
-3.279889999999999972e+00 9.554474600000000262e-01
-3.204851999999999812e+00 9.564236440000000172e-01
-3.129814999999999792e+00 9.569266779999999750e-01
-3.054777000000000076e+00 9.574413330000000055e-01
-2.979740000000000055e+00 9.579609690000000510e-01
-2.904701999999999895e+00 9.590583470000000332e-01
-2.829664999999999875e+00 9.596277880000000371e-01
-2.754627000000000159e+00 9.602105109999999888e-01
-2.679590000000000138e+00 9.614290810000000187e-01
-2.604551999999999978e+00 9.620632690000000542e-01
-2.529514999999999958e+00 9.627173799999999559e-01
-2.454476999999999798e+00 9.640770650000000108e-01
-2.379440000000000222e+00 9.647859619999999969e-01
-2.304402000000000061e+00 9.655114590000000163e-01
-2.229365000000000041e+00 9.662651799999999458e-01
-2.154326999999999881e+00 9.678008449999999652e-01
-2.079289999999999861e+00 9.685977310000000173e-01
-2.004252000000000145e+00 9.694128779999999779e-01
-1.929214999999999902e+00 9.710896580000000222e-01
-1.854176999999999964e+00 9.719496300000000089e-01
-1.779139999999999944e+00 9.728245439999999578e-01
-1.704102000000000006e+00 9.742107930000000193e-01
-1.629064999999999985e+00 9.755156929999999615e-01
-1.554027000000000047e+00 9.764321110000000470e-01
-1.478989000000000109e+00 9.773551700000000508e-01
-1.403952000000000089e+00 9.792178900000000352e-01
-1.328913999999999929e+00 9.801542309999999869e-01
-1.253876999999999908e+00 9.810905709999999669e-01
-1.178838999999999970e+00 9.827573899999999529e-01
-1.103801999999999950e+00 9.838879710000000278e-01
-1.028764000000000012e+00 9.848093700000000172e-01
-9.537269999999999914e-01 9.857224679999999628e-01
-8.786890000000000533e-01 9.875154600000000116e-01
-8.036520000000000330e-01 9.883903739999999605e-01
-7.286139999999999839e-01 9.892486860000000437e-01
-6.535769999999999635e-01 9.907328859999999793e-01
-5.785390000000000255e-01 9.917040900000000381e-01
-5.035020000000000051e-01 9.924744130000000553e-01
-4.284640000000000115e-01 9.932198319999999692e-01
-3.534269999999999912e-01 9.946193629999999786e-01
-2.783889999999999976e-01 9.952701520000000190e-01
-2.033520000000000050e-01 9.958877390000000496e-01
-1.283140000000000114e-01 9.968356999999999912e-01
-5.327699999999999797e-02 9.975113930000000240e-01
2.176099999999999909e-02 9.979712619999999701e-01
9.679799999999999516e-02 9.983879669999999873e-01
1.718359999999999888e-01 9.990852420000000400e-01
2.468730000000000091e-01 9.993641519999999501e-01
3.219110000000000027e-01 9.995932560000000411e-01
3.969480000000000230e-01 9.997725560000000344e-01
4.719860000000000166e-01 9.999767579999999656e-01
5.470239999999999547e-01 1.000000000000000000e+00
6.220609999999999751e-01 9.999701170000000472e-01
6.970990000000000242e-01 9.997127890000000461e-01
7.721360000000000445e-01 9.995517520000000156e-01
8.471739999999999826e-01 9.993027249999999473e-01
9.222110000000000030e-01 9.989955919999999878e-01
9.972490000000000521e-01 9.982169690000000095e-01
1.072286000000000072e+00 9.977438180000000045e-01
1.147324000000000011e+00 9.972158810000000262e-01
1.222361000000000031e+00 9.966314990000000318e-01
1.297398999999999969e+00 9.953016959999999580e-01
1.372435999999999989e+00 9.945546159999999469e-01
1.447473999999999927e+00 9.937560699999999914e-01
1.522510999999999948e+00 9.924129860000000525e-01
1.597549000000000108e+00 9.910533000000000259e-01
1.672585999999999906e+00 9.900538730000000287e-01
1.747624000000000066e+00 9.890063000000000049e-01
1.822661000000000087e+00 9.867717010000000011e-01
1.897699000000000025e+00 9.855896539999999817e-01
1.972736000000000045e+00 9.843644419999999506e-01
2.047773999999999983e+00 9.830977260000000051e-01
2.122811000000000003e+00 9.804514020000000274e-01
2.197849000000000164e+00 9.790717939999999953e-01
2.272886000000000184e+00 9.776589829999999814e-01
2.347923999999999900e+00 9.762129680000000143e-01
2.422960999999999920e+00 9.732296280000000133e-01
2.497999000000000080e+00 9.716956230000000083e-01
2.573036999999999797e+00 9.701350549999999684e-01
2.648073999999999817e+00 9.679652029999999963e-01
2.723111999999999977e+00 9.653122379999999891e-01
2.798148999999999997e+00 9.636620209999999798e-01
2.873187000000000157e+00 9.619935419999999793e-01
2.948224000000000178e+00 9.590251429999999688e-01
3.023261999999999894e+00 9.568934749999999934e-01
3.098298999999999914e+00 9.551652290000000045e-01
3.173337000000000074e+00 9.534253630000000257e-01
3.248374000000000095e+00 9.499124260000000319e-01
3.323411999999999811e+00 9.481410160000000031e-01
3.398448999999999831e+00 9.463629649999999449e-01
3.473486999999999991e+00 9.445766129999999539e-01
3.548524000000000012e+00 9.409806670000000484e-01
3.623562000000000172e+00 9.391743930000000518e-01
3.698599000000000192e+00 9.373614789999999974e-01
3.773636999999999908e+00 9.355419240000000247e-01
3.848673999999999928e+00 9.318828909999999910e-01
3.923712000000000089e+00 9.300434140000000127e-01
3.998749000000000109e+00 9.281972960000000050e-01
4.073787000000000269e+00 9.263428769999999535e-01
4.148824000000000289e+00 9.226058160000000230e-01
4.223861999999999561e+00 9.207231740000000331e-01
4.298898999999999582e+00 9.188289099999999987e-01
4.373936999999999742e+00 9.169213659999999599e-01
4.448973999999999762e+00 9.130614510000000239e-01
4.524011999999999922e+00 9.111057620000000412e-01
4.599050000000000082e+00 9.091318099999999847e-01
4.674087000000000103e+00 9.071362760000000192e-01
4.749125000000000263e+00 9.030738200000000271e-01
4.824162000000000283e+00 9.010019179999999572e-01
4.899200000000000443e+00 8.989001319999999629e-01
4.974236999999999576e+00 8.967668030000000012e-01
5.049274999999999736e+00 8.923922340000000064e-01
5.124311999999999756e+00 8.901460129999999582e-01
5.199349999999999916e+00 8.878566270000000094e-01
5.274386999999999937e+00 8.855224170000000061e-01
5.349425000000000097e+00 8.807045799999999591e-01
5.424462000000000117e+00 8.782159729999999831e-01
5.499500000000000277e+00 8.756692590000000331e-01
5.574537000000000297e+00 8.730611190000000521e-01
5.649574999999999569e+00 8.676539189999999957e-01
5.724611999999999590e+00 8.648465579999999875e-01
5.799649999999999750e+00 8.619661490000000148e-01
5.874686999999999770e+00 8.590110319999999522e-01
5.949724999999999930e+00 8.528600720000000246e-01
6.024761999999999951e+00 8.496609090000000197e-01
6.099800000000000111e+00 8.463720959999999627e-01
6.174837000000000131e+00 8.429936329999999645e-01
6.249875000000000291e+00 8.365172779999999753e-01
6.324912000000000312e+00 8.322888050000000204e-01
6.399949999999999584e+00 8.285218600000000544e-01
6.474986999999999604e+00 8.246519850000000318e-01
6.550024999999999764e+00 8.184943839999999637e-01
6.625062999999999924e+00 8.124015310000000101e-01
6.700099999999999945e+00 8.080966889999999792e-01
6.775138000000000105e+00 8.036789549999999727e-01
6.850175000000000125e+00 7.991466680000000045e-01
6.925213000000000285e+00 7.897301380000000259e-01
7.000250000000000306e+00 7.848442340000000295e-01
7.075287999999999577e+00 7.798387970000000280e-01
7.150324999999999598e+00 7.747138270000000215e-01
7.225362999999999758e+00 7.640969880000000325e-01
7.300399999999999778e+00 7.586067789999999533e-01
7.375437999999999938e+00 7.529937159999999796e-01
7.450474999999999959e+00 7.472594609999999582e-01
7.525513000000000119e+00 7.354257109999999820e-01
7.600550000000000139e+00 7.293278770000000133e-01
7.675588000000000299e+00 7.231105100000000396e-01
7.750625000000000320e+00 7.167752699999999644e-01
7.825662999999999592e+00 7.064290399999999526e-01
7.900699999999999612e+00 6.970739360000000051e-01
7.975737999999999772e+00 6.902804869999999982e-01
8.050774999999999793e+00 6.833774660000000445e-01
8.125813000000000841e+00 6.763665340000000192e-01
8.200850000000000861e+00 6.620325559999999943e-01
8.275888000000000133e+00 6.547144910000000095e-01
8.350925000000000153e+00 6.472984750000000398e-01
8.425962999999999425e+00 6.397894889999999890e-01
8.501001000000000474e+00 6.245058890000000362e-01
8.576038000000000494e+00 6.167362560000000382e-01
8.651075999999999766e+00 6.088869340000000463e-01
8.726112999999999786e+00 6.009645630000000072e-01
8.801151000000000835e+00 5.872249290000000066e-01
8.876188000000000855e+00 5.767807489999999815e-01
8.951226000000000127e+00 5.685960700000000090e-01
9.026263000000000147e+00 5.603582660000000493e-01
9.101300999999999419e+00 5.520689970000000057e-01
9.176337999999999440e+00 5.353642849999999953e-01
9.251376000000000488e+00 5.269571429999999612e-01
9.326413000000000508e+00 5.185184569999999882e-01
9.401450999999999780e+00 5.100548689999999663e-01
9.476487999999999801e+00 4.930712469999999903e-01
9.551526000000000849e+00 4.845611730000000117e-01
9.626563000000000869e+00 4.760461200000000170e-01
9.701601000000000141e+00 4.675310659999999952e-01
9.776638000000000162e+00 4.573641350000000050e-01
9.851675999999999433e+00 4.420340500000000117e-01
9.926712999999999454e+00 4.335688019999999754e-01
1.000175100000000050e+01 4.251284559999999879e-01
1.007678800000000052e+01 4.167163340000000216e-01
1.015182599999999979e+01 4.000033199999999955e-01
1.022686299999999981e+01 3.917123909999999931e-01
1.030190100000000086e+01 3.834679460000000040e-01
1.037693800000000088e+01 3.752782869999999882e-01
1.045197600000000016e+01 3.634976630000000264e-01
1.052701399999999943e+01 3.510728900000000263e-01
1.060205099999999945e+01 3.431405590000000116e-01
1.067708900000000050e+01 3.352829359999999759e-01
1.075212600000000052e+01 3.275033410000000034e-01
1.082716399999999979e+01 3.121964990000000162e-01
1.090220099999999981e+01 3.046742319999999893e-01
1.097723900000000086e+01 2.972465950000000023e-01
1.105227600000000088e+01 2.899152480000000143e-01
1.112731400000000015e+01 2.813503889999999785e-01
1.120235100000000017e+01 2.685255129999999935e-01
1.127738899999999944e+01 2.616058900000000076e-01
1.135242599999999946e+01 2.547975000000000101e-01
1.142746400000000051e+01 2.481003410000000020e-01
1.150250100000000053e+01 2.355244920000000020e-01
1.157753899999999980e+01 2.287011599999999867e-01
1.165257599999999982e+01 2.224705110000000097e-01
1.172761400000000087e+01 2.163610559999999960e-01
1.180265099999999912e+01 2.103744529999999890e-01
1.187768900000000016e+01 1.987698079999999923e-01
1.195272600000000018e+01 1.931534249999999897e-01
1.202776399999999946e+01 1.876615560000000071e-01
1.210280099999999948e+01 1.822958600000000040e-01
1.217783900000000052e+01 1.735002370000000016e-01
1.225287600000000054e+01 1.669541539999999935e-01
1.232791399999999982e+01 1.620931529999999898e-01
1.240295099999999984e+01 1.573550039999999928e-01
1.247798900000000089e+01 1.527430290000000024e-01
1.255302700000000016e+01 1.438892989999999983e-01
1.262806400000000018e+01 1.396475440000000123e-01
1.270310199999999945e+01 1.355253220000000036e-01
1.277813899999999947e+01 1.315259530000000010e-01
1.285317700000000052e+01 1.272841979999999873e-01
1.292821400000000054e+01 1.202334209999999931e-01
1.300325199999999981e+01 1.167005619999999938e-01
1.307828899999999983e+01 1.132805949999999978e-01
1.315332700000000088e+01 1.099718600000000046e-01
1.322836399999999912e+01 1.047539200000000004e-01
1.330340200000000017e+01 1.006997649999999966e-01
1.337843900000000019e+01 9.781769599999999565e-02
1.345347699999999946e+01 9.503855799999999521e-02
1.352851399999999948e+01 9.236068999999999529e-02
1.360355200000000053e+01 8.729216600000000437e-02
1.367858900000000055e+01 8.489984999999999893e-02
1.375362699999999982e+01 8.259884300000000512e-02
1.382866399999999985e+01 8.038582499999999409e-02
1.390370199999999912e+01 7.825913700000000639e-02
1.397873899999999914e+01 7.425810800000000322e-02
1.405377700000000019e+01 7.237712599999999996e-02
1.412881400000000021e+01 7.057583300000000448e-02
1.420385199999999948e+01 6.884758700000000176e-02
1.427888899999999950e+01 6.675576299999999574e-02
1.435392700000000055e+01 6.409615800000000030e-02
1.442896400000000057e+01 6.264848200000000533e-02
1.450400199999999984e+01 6.126555399999999985e-02
1.457904000000000089e+01 5.994405199999999767e-02
1.465407699999999913e+01 5.786052800000000135e-02
1.472911500000000018e+01 5.633482499999999810e-02
1.480415200000000020e+01 5.524242800000000314e-02
1.487918999999999947e+01 5.420481600000000288e-02
1.495422699999999949e+01 5.321535000000000154e-02
1.502926500000000054e+01 5.160497700000000326e-02
1.510430200000000056e+01 5.053748300000000110e-02
1.517933999999999983e+01 4.973561700000000280e-02
1.525437699999999985e+01 4.897691500000000281e-02
1.532941499999999913e+01 4.825805799999999951e-02
1.540445199999999915e+01 4.693821599999999788e-02
1.547949000000000019e+01 4.633557199999999848e-02
1.555452700000000021e+01 4.576779100000000211e-02
1.562956499999999949e+01 4.523487400000000130e-02
1.570460199999999951e+01 4.473516000000000298e-02
1.577964000000000055e+01 4.383368299999999829e-02
1.585467700000000058e+01 4.342859999999999776e-02
1.592971499999999985e+01 4.305339999999999862e-02
1.600475199999999987e+01 4.270808300000000085e-02
1.607978999999999914e+01 4.239098899999999698e-02
1.615482700000000094e+01 4.183648899999999754e-02
1.622986500000000021e+01 4.159908400000000145e-02
1.630490199999999845e+01 4.138824099999999923e-02
1.637994000000000128e+01 4.120064100000000312e-02
1.645497699999999952e+01 4.099643900000000257e-02
1.653001499999999879e+01 4.078559600000000035e-02
1.660505300000000162e+01 4.069428600000000312e-02
1.668008999999999986e+01 4.062621899999999814e-02
1.675512799999999913e+01 4.057973399999999925e-02
1.683016500000000093e+01 4.058803500000000147e-02
1.690520300000000020e+01 4.057475399999999760e-02
1.698023999999999845e+01 4.061459800000000175e-02
1.705527800000000127e+01 4.067768499999999815e-02
1.713031499999999951e+01 4.076069400000000009e-02
1.720535299999999879e+01 4.095825499999999897e-02
1.728039000000000058e+01 4.113257399999999814e-02
1.735542799999999986e+01 4.129527100000000145e-02
1.743046500000000165e+01 4.147955100000000339e-02
1.750550300000000092e+01 4.168209199999999698e-02
1.758053999999999917e+01 4.205563300000000199e-02
1.765557799999999844e+01 4.240593000000000140e-02
1.773061500000000024e+01 4.268484000000000167e-02
1.780565299999999951e+01 4.298201200000000000e-02
1.788069000000000131e+01 4.329578600000000277e-02
1.795572800000000058e+01 4.382372200000000245e-02
1.803076499999999882e+01 4.434335799999999939e-02
1.810580300000000165e+01 4.472685900000000075e-02
1.818083999999999989e+01 4.512530199999999908e-02
1.825587799999999916e+01 4.553868600000000183e-02
1.833091500000000096e+01 4.619777700000000237e-02
1.840595300000000023e+01 4.687180900000000039e-02
1.848098999999999847e+01 4.734329999999999788e-02
1.855602800000000130e+01 4.782973199999999980e-02
1.863106600000000057e+01 4.832778599999999758e-02
1.870610299999999881e+01 4.908814699999999864e-02
1.878114100000000164e+01 4.989001299999999695e-02
1.885617799999999988e+01 5.043289100000000053e-02
1.893121599999999916e+01 5.098407099999999886e-02
1.900625300000000095e+01 5.154355099999999995e-02
1.908129100000000022e+01 5.237031899999999851e-02
1.915632799999999847e+01 5.326681600000000155e-02
1.923136600000000129e+01 5.385451899999999653e-02
1.930640299999999954e+01 5.444554199999999955e-02
1.938144099999999881e+01 5.503988600000000314e-02
1.945647800000000061e+01 5.570561699999999894e-02
1.953151599999999988e+01 5.683951899999999807e-02
1.960655300000000167e+01 5.744050299999999692e-02
1.968159100000000095e+01 5.804148800000000219e-02
1.975662799999999919e+01 5.864081200000000049e-02
1.983166599999999846e+01 5.923847599999999824e-02
1.990670300000000026e+01 6.042218299999999737e-02
1.998174099999999953e+01 6.100656599999999818e-02
2.005677800000000133e+01 6.158430799999999733e-02
2.013181600000000060e+01 6.215540900000000174e-02
2.020685299999999884e+01 6.271820999999999646e-02
2.028189100000000167e+01 6.381724799999999309e-02
2.035692799999999991e+01 6.435182500000000139e-02
2.043196599999999918e+01 6.487312100000000581e-02
2.050700399999999846e+01 6.538445599999999358e-02
2.058204100000000025e+01 6.588084900000000521e-02
2.065707899999999952e+01 6.683379100000000350e-02
2.073211600000000132e+01 6.728702000000000294e-02
2.080715400000000059e+01 6.772364699999999793e-02
2.088219099999999884e+01 6.814533200000000290e-02
2.095722900000000166e+01 6.854709500000000233e-02
2.103226599999999991e+01 6.919622500000000009e-02
2.110730399999999918e+01 6.964613299999999896e-02
2.118234100000000097e+01 6.997318800000000560e-02
2.125737900000000025e+01 7.027866100000000615e-02
2.133241599999999849e+01 7.056421200000000116e-02
2.140745400000000132e+01 7.093941199999999336e-02
2.148249099999999956e+01 7.129302999999999335e-02
2.155752899999999883e+01 7.149225100000000666e-02
2.163256600000000063e+01 7.166822999999999944e-02
2.170760399999999990e+01 7.182262700000000000e-02
2.178264100000000170e+01 7.196540199999999776e-02
2.185767900000000097e+01 7.214470100000000552e-02
2.193271599999999921e+01 7.220446799999999388e-02
2.200775399999999848e+01 7.224265200000000442e-02
2.208279100000000028e+01 7.225759299999999496e-02
2.215782899999999955e+01 7.224929200000000662e-02
2.223286600000000135e+01 7.216296299999999664e-02
2.230790400000000062e+01 7.208659500000000331e-02
2.238294099999999887e+01 7.198698400000000386e-02
2.245797900000000169e+01 7.186579099999999831e-02
2.253301700000000096e+01 7.172135600000000000e-02
2.260805399999999921e+01 7.137105800000000111e-02
2.268309199999999848e+01 7.116519600000000001e-02
2.275812900000000027e+01 7.093775200000000669e-02
2.283316699999999955e+01 7.069204499999999503e-02
2.290820400000000134e+01 7.042641700000000504e-02
2.298324200000000062e+01 6.985863600000000173e-02
2.305827899999999886e+01 6.951995900000000617e-02
2.313331700000000168e+01 6.918294299999999675e-02
2.320835399999999993e+01 6.883098599999999678e-02
2.328339199999999920e+01 6.846242600000000678e-02
2.335842900000000100e+01 6.783321900000000015e-02
2.343346700000000027e+01 6.727373799999999959e-02
2.350850399999999851e+01 6.685205299999999462e-02
2.358354200000000134e+01 6.641708699999999965e-02
2.365857899999999958e+01 6.597215900000000244e-02
2.373361699999999885e+01 6.543924199999999469e-02
2.380865400000000065e+01 6.458092999999999473e-02
2.388369199999999992e+01 6.409947800000000140e-02
2.395872900000000172e+01 6.361304600000000642e-02
2.403376700000000099e+01 6.311997299999999589e-02
2.410880399999999923e+01 6.262025899999999756e-02
2.418384199999999851e+01 6.161087099999999761e-02
2.425887900000000030e+01 6.110285599999999706e-02
2.433391699999999958e+01 6.059152100000000235e-02
2.440895400000000137e+01 6.007852600000000015e-02
2.448399200000000064e+01 5.956719199999999798e-02
2.455902999999999992e+01 5.859930800000000273e-02
2.463406700000000171e+01 5.803650700000000107e-02
2.470910500000000098e+01 5.753015300000000054e-02
2.478414199999999923e+01 5.702711900000000111e-02
2.485917999999999850e+01 5.652906600000000281e-02
2.493421700000000030e+01 5.578530599999999978e-02
