-2.496573300000000017e+01 4.498933699999999730e-02
-2.489069500000000090e+01 3.791141099999999903e-02
-2.481565799999999911e+01 5.612915000000000265e-02
-2.474061999999999983e+01 4.217810000000000309e-02
-2.466558300000000159e+01 3.917844699999999819e-02
-2.459054499999999877e+01 4.000447800000000304e-02
-2.451550800000000052e+01 4.168930900000000078e-02
-2.444047000000000125e+01 5.741120499999999988e-02
-2.436543299999999945e+01 4.970658800000000294e-02
-2.429039500000000018e+01 4.718207399999999746e-02
-2.421535799999999838e+01 3.598764599999999814e-02
-2.414031999999999911e+01 5.733747699999999781e-02
-2.406528300000000087e+01 5.422586599999999757e-02
-2.399024500000000160e+01 5.795324500000000045e-02
-2.391520799999999980e+01 4.406363600000000325e-02
-2.384017000000000053e+01 6.044908799999999804e-02
-2.376513299999999873e+01 5.624247400000000063e-02
-2.369009499999999946e+01 6.698497300000000321e-02
-2.361505800000000121e+01 3.335253900000000049e-02
-2.354001999999999839e+01 4.538938099999999948e-02
-2.346498199999999912e+01 5.652919499999999736e-02
-2.338994500000000087e+01 4.094110200000000005e-02
-2.331490700000000160e+01 5.101458500000000118e-02
-2.323986999999999981e+01 6.138024999999999731e-02
-2.316483200000000053e+01 4.713974800000000215e-02
-2.308979499999999874e+01 5.488669000000000187e-02
-2.301475699999999946e+01 6.286847099999999522e-02
-2.293972000000000122e+01 6.185675399999999990e-02
-2.286468199999999840e+01 4.973526000000000336e-02
-2.278964500000000015e+01 5.424497999999999820e-02
-2.271460700000000088e+01 4.616626000000000063e-02
-2.263956999999999908e+01 3.555346799999999780e-02
-2.256453199999999981e+01 4.260272100000000312e-02
-2.248949500000000157e+01 4.198422200000000160e-02
-2.241445699999999874e+01 3.928357899999999903e-02
-2.233942000000000050e+01 4.784289800000000176e-02
-2.226438200000000123e+01 5.068007599999999752e-02
-2.218934499999999943e+01 4.282936799999999961e-02
-2.211430700000000016e+01 5.480477000000000265e-02
-2.203926999999999836e+01 3.171822600000000214e-02
-2.196423199999999909e+01 4.772684499999999691e-02
-2.188919500000000085e+01 2.848373499999999961e-02
-2.181415700000000157e+01 5.193345900000000126e-02
-2.173911999999999978e+01 4.770090300000000283e-02
-2.166408200000000051e+01 5.104871799999999987e-02
-2.158904499999999871e+01 4.907716599999999846e-02
-2.151400699999999944e+01 3.638223000000000151e-02
-2.143896900000000016e+01 5.334248999999999935e-02
-2.136393199999999837e+01 5.965718999999999883e-02
-2.128889399999999910e+01 6.190727199999999930e-02
-2.121385700000000085e+01 4.621950899999999890e-02
-2.113881900000000158e+01 6.123825499999999838e-02
-2.106378199999999978e+01 4.406363600000000325e-02
-2.098874400000000051e+01 5.982785799999999765e-02
-2.091370699999999871e+01 4.231873099999999832e-02
-2.083866899999999944e+01 4.672741500000000131e-02
-2.076363200000000120e+01 4.060932400000000220e-02
-2.068859399999999837e+01 6.489463700000000501e-02
-2.061355700000000013e+01 4.130701299999999659e-02
-2.053851900000000086e+01 5.212324100000000071e-02
-2.046348199999999906e+01 4.526923199999999953e-02
-2.038844399999999979e+01 5.351588799999999757e-02
-2.031340700000000155e+01 3.815444199999999675e-02
-2.023836899999999872e+01 5.552430399999999655e-02
-2.016333200000000048e+01 7.020854199999999878e-02
-2.008829400000000120e+01 5.232804199999999822e-02
-2.001325699999999941e+01 3.795100600000000240e-02
-1.993821900000000014e+01 5.563762800000000147e-02
-1.986318199999999834e+01 5.625885800000000186e-02
-1.978814399999999907e+01 4.430803199999999720e-02
-1.971310700000000082e+01 5.872466300000000333e-02
-1.963806900000000155e+01 4.362672699999999709e-02
-1.956303199999999975e+01 3.854629500000000125e-02
-1.948799400000000048e+01 5.758460299999999810e-02
-1.941295600000000121e+01 3.674267999999999978e-02
-1.933791899999999941e+01 5.438151399999999885e-02
-1.926288100000000014e+01 5.317864900000000145e-02
-1.918784399999999835e+01 5.282366100000000092e-02
-1.911280599999999907e+01 4.774869000000000335e-02
-1.903776900000000083e+01 6.076175100000000273e-02
-1.896273100000000156e+01 5.646365899999999938e-02
-1.888769399999999976e+01 4.574573500000000265e-02
-1.881265600000000049e+01 4.761215600000000270e-02
-1.873761899999999869e+01 5.105417899999999815e-02
-1.866258099999999942e+01 4.616626000000000063e-02
-1.858754400000000118e+01 5.204951299999999864e-02
-1.851250599999999835e+01 3.776941600000000010e-02
-1.843746900000000011e+01 3.873607700000000070e-02
-1.836243100000000084e+01 4.541668799999999673e-02
-1.828739399999999904e+01 5.082343699999999909e-02
-1.821235599999999977e+01 5.475015600000000121e-02
-1.813731900000000152e+01 4.782241799999999848e-02
-1.806228099999999870e+01 4.734864500000000170e-02
-1.798724400000000045e+01 4.844091799999999948e-02
-1.791220600000000118e+01 6.489736699999999747e-02
-1.783716899999999939e+01 6.067027299999999679e-02
-1.776213100000000011e+01 5.505599299999999752e-02
-1.768709399999999832e+01 7.055670399999999787e-02
-1.761205599999999905e+01 5.657425099999999901e-02
-1.753701900000000080e+01 6.620536400000000266e-02
-1.746198100000000153e+01 7.390998000000000012e-02
-1.738694299999999870e+01 5.636672000000000210e-02
-1.731190600000000046e+01 5.525260199999999788e-02
-1.723686800000000119e+01 5.083026400000000000e-02
-1.716183099999999939e+01 5.893765599999999799e-02
-1.708679300000000012e+01 6.727988699999999656e-02
-1.701175599999999832e+01 8.503614099999999565e-02
-1.693671799999999905e+01 5.321824399999999788e-02
-1.686168100000000081e+01 7.745849999999999957e-02
-1.678664300000000154e+01 7.478379799999999855e-02
-1.671160599999999974e+01 7.078334999999999488e-02
-1.663656800000000047e+01 6.948491199999999590e-02
-1.656153099999999867e+01 5.804062699999999742e-02
-1.648649299999999940e+01 6.198646099999999964e-02
-1.641145600000000115e+01 7.485752699999999316e-02
-1.633641799999999833e+01 6.840902299999999936e-02
-1.626138100000000009e+01 6.223085700000000053e-02
-1.618634300000000081e+01 9.906911100000000137e-02
-1.611130599999999902e+01 8.656532200000000010e-02
-1.603626799999999974e+01 6.493969300000000666e-02
-1.596123099999999972e+01 8.140979600000000649e-02
-1.588619300000000045e+01 6.037535900000000344e-02
-1.581115600000000043e+01 7.797186899999999921e-02
-1.573611799999999938e+01 7.937953500000000107e-02
-1.566108099999999936e+01 8.260992999999999808e-02
-1.558604300000000009e+01 9.741022200000000464e-02
-1.551100600000000007e+01 9.327323999999999338e-02
-1.543596800000000080e+01 8.606287699999999596e-02
-1.536092999999999975e+01 8.357795699999999439e-02
-1.528589299999999973e+01 1.128221860000000049e-01
-1.521085500000000046e+01 7.269892299999999863e-02
-1.513581800000000044e+01 8.949534300000000497e-02
-1.506077999999999939e+01 9.363642099999999746e-02
-1.498574299999999937e+01 1.015635879999999963e-01
-1.491070500000000010e+01 1.109107089999999962e-01
-1.483566800000000008e+01 9.230657899999999971e-02
-1.476063000000000081e+01 1.213009510000000041e-01
-1.468559300000000079e+01 1.203970959999999951e-01
-1.461055499999999974e+01 1.277576470000000020e-01
-1.453551799999999972e+01 1.066972679999999979e-01
-1.446048000000000044e+01 7.390998000000000012e-02
-1.438544300000000042e+01 1.164171279999999947e-01
-1.431040499999999938e+01 1.505806789999999951e-01
-1.423536799999999936e+01 1.670384940000000096e-01
-1.416033000000000008e+01 1.424241350000000073e-01
-1.408529300000000006e+01 1.429948470000000083e-01
-1.401025500000000079e+01 1.541373910000000125e-01
-1.393521800000000077e+01 1.434290259999999873e-01
-1.386017999999999972e+01 1.314140289999999878e-01
-1.378514299999999970e+01 1.298452519999999943e-01
-1.371010500000000043e+01 1.615866900000000050e-01
-1.363506800000000041e+01 1.591440950000000132e-01
-1.356002999999999936e+01 1.801798970000000055e-01
-1.348499200000000009e+01 1.553320639999999919e-01
-1.340995500000000007e+01 1.770478060000000020e-01
-1.333491700000000080e+01 1.310945390000000099e-01
-1.325988000000000078e+01 1.901823820000000109e-01
-1.318484199999999973e+01 1.722363460000000124e-01
-1.310980499999999971e+01 1.866133819999999943e-01
-1.303476700000000044e+01 2.029414900000000022e-01
-1.295973000000000042e+01 2.464726429999999913e-01
-1.288469199999999937e+01 2.175397109999999967e-01
-1.280965499999999935e+01 2.916367429999999761e-01
-1.273461700000000008e+01 2.398766820000000077e-01
-1.265958000000000006e+01 2.947183170000000074e-01
-1.258454200000000078e+01 3.019204879999999869e-01
-1.250950500000000076e+01 3.272298060000000119e-01
-1.243446699999999971e+01 3.591446409999999867e-01
-1.235942999999999969e+01 3.406715840000000273e-01
-1.228439200000000042e+01 4.285640170000000193e-01
-1.220935500000000040e+01 3.363106860000000253e-01
-1.213431699999999935e+01 4.006236879999999778e-01
-1.205927999999999933e+01 4.107763600000000070e-01
-1.198424200000000006e+01 4.561684719999999915e-01
-1.190920500000000004e+01 4.063144269999999780e-01
-1.183416700000000077e+01 4.771073350000000213e-01
-1.175913000000000075e+01 4.536972060000000195e-01
-1.168409199999999970e+01 4.939774829999999950e-01
-1.160905499999999968e+01 4.955995069999999947e-01
-1.153401700000000041e+01 4.992681769999999797e-01
-1.145897899999999936e+01 5.738499049999999935e-01
-1.138394199999999934e+01 5.090658609999999529e-01
-1.130890400000000007e+01 6.002801679999999473e-01
-1.123386700000000005e+01 5.496519749999999593e-01
-1.115882900000000078e+01 5.531581690000000329e-01
-1.108379200000000075e+01 5.398624829999999486e-01
-1.100875399999999971e+01 5.714673860000000216e-01
-1.093371699999999969e+01 5.272303520000000132e-01
-1.085867900000000041e+01 6.370597120000000002e-01
-1.078364200000000039e+01 6.806727849999999469e-01
-1.070860399999999935e+01 6.158518769999999920e-01
-1.063356699999999933e+01 6.481626609999999733e-01
-1.055852900000000005e+01 6.381683679999999859e-01
-1.048349200000000003e+01 6.726159109999999552e-01
-1.040845400000000076e+01 6.311846509999999855e-01
-1.033341700000000074e+01 6.578511179999999570e-01
-1.025837899999999969e+01 6.291134299999999735e-01
-1.018334199999999967e+01 6.988277189999999583e-01
-1.010830400000000040e+01 5.623523729999999610e-01
-1.003326700000000038e+01 6.128822609999999838e-01
-9.958228999999999331e+00 6.239592689999999831e-01
-9.883191999999999311e+00 6.451411630000000175e-01
-9.808154000000000039e+00 6.156074809999999564e-01
-9.733117000000000019e+00 6.533004380000000388e-01
-9.658079000000000747e+00 6.201922949999999490e-01
-9.583042000000000726e+00 5.786845760000000061e-01
-9.508003999999999678e+00 6.509179179999999842e-01
-9.432966000000000406e+00 5.265886419999999957e-01
-9.357929000000000386e+00 6.003716460000000366e-01
-9.282890999999999337e+00 6.082633139999999994e-01
-9.207853999999999317e+00 5.807776430000000101e-01
-9.132816000000000045e+00 5.256042309999999773e-01
-9.057779000000000025e+00 5.539842000000000377e-01
-8.982741000000000753e+00 6.204667280000000229e-01
-8.907704000000000732e+00 5.754159509999999811e-01
-8.832665999999999684e+00 6.351222939999999761e-01
-8.757628999999999664e+00 6.039775099999999952e-01
-8.682591000000000392e+00 5.822303659999999992e-01
-8.607554000000000372e+00 5.794983190000000395e-01
-8.532515999999999323e+00 5.888031150000000435e-01
-8.457478999999999303e+00 6.116193210000000491e-01
-8.382441000000000031e+00 6.262434839999999614e-01
-8.307404000000000011e+00 6.678959279999999721e-01
-8.232366000000000739e+00 6.451138560000000410e-01
-8.157329000000000718e+00 6.681403240000000077e-01
-8.082290999999999670e+00 6.525344819999999713e-01
-8.007253999999999650e+00 6.877725559999999794e-01
-7.932216000000000378e+00 6.379867780000000321e-01
-7.857179000000000357e+00 7.241329399999999472e-01
-7.782141000000000197e+00 6.321376589999999629e-01
-7.707104000000000177e+00 6.252099209999999463e-01
-7.632066000000000017e+00 5.692459770000000141e-01
-7.557028999999999996e+00 6.574510730000000525e-01
-7.481990999999999836e+00 6.664036110000000068e-01
-7.406952999999999676e+00 6.369545810000000197e-01
-7.331915999999999656e+00 6.831740889999999844e-01
-7.256878000000000384e+00 6.008877440000000014e-01
-7.181841000000000363e+00 6.792569269999999548e-01
-7.106803000000000203e+00 6.012563859999999760e-01
-7.031766000000000183e+00 7.410536060000000314e-01
-6.956728000000000023e+00 6.647037620000000313e-01
-6.881691000000000003e+00 6.777536870000000491e-01
-6.806652999999999842e+00 6.655611959999999661e-01
-6.731615999999999822e+00 7.058947209999999473e-01
-6.656577999999999662e+00 7.228304060000000364e-01
-6.581540999999999642e+00 7.506587770000000548e-01
-6.506503000000000370e+00 7.691072580000000158e-01
-6.431466000000000349e+00 7.776993469999999853e-01
-6.356428000000000189e+00 6.622365919999999573e-01
-6.281391000000000169e+00 7.235144409999999526e-01
-6.206353000000000009e+00 7.191248709999999988e-01
-6.131315999999999988e+00 7.733794090000000176e-01
-6.056277999999999828e+00 7.218746670000000254e-01
-5.981240999999999808e+00 7.317460789999999937e-01
-5.906202999999999648e+00 6.690837750000000472e-01
-5.831165999999999627e+00 7.602926199999999746e-01
-5.756128000000000355e+00 7.114093320000000054e-01
-5.681091000000000335e+00 6.539558009999999477e-01
-5.606053000000000175e+00 7.405061040000000538e-01
-5.531016000000000155e+00 6.995772909999999900e-01
-5.455977999999999994e+00 7.365206749999999580e-01
-5.380939999999999834e+00 7.475335119999999556e-01
-5.305902999999999814e+00 7.802238609999999630e-01
-5.230864999999999654e+00 7.320382619999999951e-01
-5.155827999999999633e+00 7.987488019999999800e-01
-5.080790000000000362e+00 6.887296600000000213e-01
-5.005753000000000341e+00 7.542987749999999769e-01
-4.930715000000000181e+00 6.889904399999999818e-01
-4.855678000000000161e+00 7.173608510000000216e-01
-4.780640000000000001e+00 8.069722480000000031e-01
-4.705602999999999980e+00 7.465368140000000485e-01
-4.630564999999999820e+00 7.629290920000000309e-01
-4.555527999999999800e+00 7.132470800000000333e-01
-4.480489999999999640e+00 6.989110039999999469e-01
-4.405452999999999619e+00 7.374313580000000368e-01
-4.330415000000000347e+00 7.552149179999999573e-01
-4.255378000000000327e+00 8.082297269999999534e-01
-4.180340000000000167e+00 7.868771660000000168e-01
-4.105303000000000146e+00 8.231337840000000350e-01
-4.030264999999999986e+00 7.890917480000000372e-01
-3.955227999999999966e+00 7.500976219999999639e-01
-3.880189999999999806e+00 7.327987569999999673e-01
-3.805152999999999786e+00 7.549063510000000310e-01
-3.730115000000000069e+00 7.159968759999999488e-01
-3.655078000000000049e+00 7.446089529999999623e-01
-3.580039999999999889e+00 8.019000080000000530e-01
-3.505002999999999869e+00 7.474201889999999571e-01
-3.429965000000000153e+00 7.708548939999999572e-01
-3.354926999999999992e+00 6.859894210000000436e-01
-3.279889999999999972e+00 7.347020419999999996e-01
-3.204851999999999812e+00 7.234803079999999609e-01
-3.129814999999999792e+00 7.173471980000000192e-01
-3.054777000000000076e+00 7.321092599999999839e-01
-2.979740000000000055e+00 7.265495929999999936e-01
-2.904701999999999895e+00 8.123653429999999620e-01
-2.829664999999999875e+00 7.434402209999999567e-01
-2.754627000000000159e+00 6.646245720000000246e-01
-2.679590000000000138e+00 7.166795459999999451e-01
-2.604551999999999978e+00 6.949638049999999900e-01
-2.529514999999999958e+00 7.625618159999999479e-01
-2.454476999999999798e+00 7.524719490000000288e-01
-2.379440000000000222e+00 8.137293190000000065e-01
-2.304402000000000061e+00 7.276213860000000366e-01
-2.229365000000000041e+00 8.411876820000000476e-01
-2.154326999999999881e+00 7.501003529999999975e-01
-2.079289999999999861e+00 7.562471160000000525e-01
-2.004252000000000145e+00 7.631693920000000020e-01
-1.929214999999999902e+00 7.373630899999999988e-01
-1.854176999999999964e+00 8.245127780000000017e-01
-1.779139999999999944e+00 7.976456069999999787e-01
-1.704102000000000006e+00 7.885729190000000388e-01
-1.629064999999999985e+00 7.920572679999999810e-01
-1.554027000000000047e+00 7.618054170000000402e-01
-1.478989000000000109e+00 8.348784439999999973e-01
-1.403952000000000089e+00 8.177324969999999471e-01
-1.328913999999999929e+00 8.750358400000000092e-01
-1.253876999999999908e+00 7.813079419999999775e-01
-1.178838999999999970e+00 8.650620270000000112e-01
-1.103801999999999950e+00 8.600430359999999830e-01
-1.028764000000000012e+00 8.451417089999999632e-01
-9.537269999999999914e-01 8.684494369999999908e-01
-8.786890000000000533e-01 8.131504139999999881e-01
-8.036520000000000330e-01 8.731216330000000081e-01
-7.286139999999999839e-01 8.326761489999999766e-01
-6.535769999999999635e-01 9.429738210000000453e-01
-5.785390000000000255e-01 8.792342619999999886e-01
-5.035020000000000051e-01 8.555333160000000436e-01
-4.284640000000000115e-01 9.088935550000000196e-01
-3.534269999999999912e-01 8.549366619999999584e-01
-2.783889999999999976e-01 9.819802349999999791e-01
-2.033520000000000050e-01 9.382934339999999818e-01
-1.283140000000000114e-01 1.000000000000000000e+00
-5.327699999999999797e-02 8.714845890000000317e-01
2.176099999999999909e-02 8.150550640000000513e-01
9.679799999999999516e-02 9.557370240000000461e-01
1.718359999999999888e-01 8.503409259999999970e-01
2.468730000000000091e-01 9.377541240000000222e-01
3.219110000000000027e-01 8.598054659999999627e-01
3.969480000000000230e-01 9.672345570000000503e-01
4.719860000000000166e-01 8.426540580000000391e-01
5.470239999999999547e-01 8.314855719999999506e-01
6.220609999999999751e-01 8.700373279999999987e-01
6.970990000000000242e-01 8.714927810000000497e-01
7.721360000000000445e-01 8.653146149999999537e-01
8.471739999999999826e-01 8.454134110000000035e-01
9.222110000000000030e-01 8.083908370000000287e-01
9.972490000000000521e-01 8.585875830000000430e-01
1.072286000000000072e+00 7.986491319999999838e-01
1.147324000000000011e+00 8.498398459999999544e-01
1.222361000000000031e+00 6.725257980000000080e-01
1.297398999999999969e+00 8.001277959999999467e-01
1.372435999999999989e+00 7.640718819999999800e-01
1.447473999999999927e+00 7.267530290000000504e-01
1.522510999999999948e+00 7.588576470000000240e-01
1.597549000000000108e+00 7.466965589999999819e-01
1.672585999999999906e+00 7.260075529999999722e-01
1.747624000000000066e+00 7.258887680000000175e-01
1.822661000000000087e+00 7.524774100000000132e-01
1.897699000000000025e+00 8.018631440000000277e-01
1.972736000000000045e+00 7.663806730000000123e-01
2.047773999999999983e+00 7.753646140000000075e-01
2.122811000000000003e+00 7.680341010000000246e-01
2.197849000000000164e+00 7.711265969999999692e-01
2.272886000000000184e+00 7.218937819999999839e-01
2.347923999999999900e+00 7.892282819999999477e-01
2.422960999999999920e+00 7.795971699999999505e-01
2.497999000000000080e+00 6.956928970000000323e-01
2.573036999999999797e+00 7.357888529999999649e-01
2.648073999999999817e+00 6.191341559999999911e-01
2.723111999999999977e+00 7.396923610000000204e-01
2.798148999999999997e+00 6.900431169999999836e-01
2.873187000000000157e+00 6.991403819999999492e-01
2.948224000000000178e+00 7.059821029999999720e-01
3.023261999999999894e+00 6.864713869999999885e-01
3.098298999999999914e+00 7.755270899999999745e-01
3.173337000000000074e+00 7.374545679999999770e-01
3.248374000000000095e+00 7.646562479999999828e-01
3.323411999999999811e+00 8.421802849999999729e-01
3.398448999999999831e+00 7.094691829999999477e-01
3.473486999999999991e+00 7.738982380000000161e-01
3.548524000000000012e+00 8.148161299999999718e-01
3.623562000000000172e+00 8.129551699999999492e-01
3.698599000000000192e+00 8.025048540000000452e-01
3.773636999999999908e+00 7.653143420000000363e-01
3.848673999999999928e+00 7.328410829999999487e-01
3.923712000000000089e+00 7.470283359999999595e-01
3.998749000000000109e+00 8.523124770000000128e-01
4.073787000000000269e+00 7.658987080000000391e-01
4.148824000000000289e+00 7.594133400000000478e-01
4.223861999999999561e+00 7.604632869999999878e-01
4.298898999999999582e+00 7.498108999999999469e-01
4.373936999999999742e+00 7.690526450000000347e-01
4.448973999999999762e+00 7.345491240000000532e-01
4.524011999999999922e+00 7.235048840000000148e-01
4.599050000000000082e+00 7.734613289999999752e-01
4.674087000000000103e+00 7.477205639999999764e-01
4.749125000000000263e+00 7.772173810000000405e-01
4.824162000000000283e+00 7.232495650000000387e-01
4.899200000000000443e+00 7.500689499999999565e-01
4.974236999999999576e+00 7.086800159999999682e-01
5.049274999999999736e+00 7.150261190000000155e-01
5.124311999999999756e+00 7.543643110000000096e-01
5.199349999999999916e+00 6.400320579999999593e-01
5.274386999999999937e+00 6.678222000000000325e-01
5.349425000000000097e+00 6.349570869999999756e-01
5.424462000000000117e+00 6.174766320000000253e-01
5.499500000000000277e+00 6.662274820000000375e-01
5.574537000000000297e+00 6.665114730000000209e-01
5.649574999999999569e+00 7.327086449999999918e-01
5.724611999999999590e+00 7.309036639999999529e-01
5.799649999999999750e+00 7.624484929999999494e-01
5.874686999999999770e+00 7.825790740000000412e-01
5.949724999999999930e+00 7.050154419999999922e-01
6.024761999999999951e+00 7.325011129999999815e-01
6.099800000000000111e+00 6.766300119999999474e-01
6.174837000000000131e+00 7.482571430000000134e-01
6.249875000000000291e+00 6.620686550000000059e-01
6.324912000000000312e+00 6.738501780000000219e-01
6.399949999999999584e+00 6.977955209999999742e-01
6.474986999999999604e+00 6.328435399999999822e-01
6.550024999999999764e+00 6.862720469999999962e-01
6.625062999999999924e+00 5.960175749999999661e-01
6.700099999999999945e+00 6.706703000000000525e-01
6.775138000000000105e+00 5.940883479999999883e-01
6.850175000000000125e+00 7.304722169999999792e-01
6.925213000000000285e+00 6.119278879999999754e-01
7.000250000000000306e+00 5.514965499999999743e-01
7.075287999999999577e+00 6.722363460000000401e-01
7.150324999999999598e+00 6.128904530000000017e-01
7.225362999999999758e+00 6.178288899999999639e-01
7.300399999999999778e+00 6.875855039999999585e-01
7.375437999999999938e+00 6.461119199999999507e-01
7.450474999999999959e+00 6.555641719999999451e-01
7.525513000000000119e+00 6.196051980000000237e-01
7.600550000000000139e+00 6.611525110000000538e-01
7.675588000000000299e+00 6.861532620000000415e-01
7.750625000000000320e+00 6.182398580000000310e-01
7.825662999999999592e+00 6.245013090000000044e-01
7.900699999999999612e+00 6.517630639999999476e-01
7.975737999999999772e+00 6.483360590000000201e-01
8.050774999999999793e+00 6.239278660000000531e-01
8.125813000000000841e+00 6.665510679999999688e-01
8.200850000000000861e+00 6.684352380000000426e-01
8.275888000000000133e+00 6.299503840000000299e-01
8.350925000000000153e+00 5.939681980000000028e-01
8.425962999999999425e+00 6.425374579999999503e-01
8.501001000000000474e+00 6.122487429999999842e-01
8.576038000000000494e+00 6.709392720000000310e-01
8.651075999999999766e+00 6.818046530000000383e-01
8.726112999999999786e+00 6.342593979999999743e-01
8.801151000000000835e+00 5.771690480000000179e-01
8.876188000000000855e+00 5.542422500000000474e-01
8.951226000000000127e+00 6.151992440000000339e-01
9.026263000000000147e+00 5.788566090000000219e-01
9.101300999999999419e+00 5.977665760000000494e-01
9.176337999999999440e+00 5.326794259999999559e-01
9.251376000000000488e+00 5.227929949999999826e-01
9.326413000000000508e+00 5.049698400000000031e-01
9.401450999999999780e+00 4.441998970000000102e-01
9.476487999999999801e+00 4.661996290000000043e-01
9.551526000000000849e+00 4.355108690000000227e-01
9.626563000000000869e+00 3.565600520000000162e-01
9.701601000000000141e+00 4.844337519999999953e-01
9.776638000000000162e+00 4.493226550000000152e-01
9.851675999999999433e+00 4.166800929999999736e-01
9.926712999999999454e+00 3.899685700000000144e-01
1.000175100000000050e+01 3.442119120000000088e-01
1.007678800000000052e+01 3.899917809999999818e-01
1.015182599999999979e+01 2.889074269999999944e-01
1.022686299999999981e+01 2.772856479999999957e-01
1.030190100000000086e+01 2.751325059999999989e-01
1.037693800000000088e+01 2.756854690000000163e-01
1.045197600000000016e+01 2.062551709999999872e-01
1.052701399999999943e+01 1.959372930000000124e-01
1.060205099999999945e+01 1.806099800000000033e-01
1.067708900000000050e+01 1.507677309999999882e-01
1.075212600000000052e+01 1.490883620000000021e-01
1.082716399999999979e+01 1.315369090000000074e-01
1.090220099999999981e+01 1.255362379999999944e-01
1.097723900000000086e+01 1.190235629999999989e-01
1.105227600000000088e+01 1.149521180000000059e-01
1.112731400000000015e+01 1.304951540000000021e-01
1.120235100000000017e+01 1.095317150000000017e-01
1.127738899999999944e+01 1.122487429999999980e-01
1.135242599999999946e+01 1.181811479999999998e-01
1.142746400000000051e+01 1.030463479999999959e-01
1.150250100000000053e+01 1.003238590000000013e-01
1.157753899999999980e+01 8.956361000000000183e-02
1.165257599999999982e+01 1.193416870000000019e-01
1.172761400000000087e+01 1.218143190000000042e-01
1.180265099999999912e+01 1.194768560000000063e-01
1.187768900000000016e+01 1.180678250000000012e-01
1.195272600000000018e+01 9.856393500000000529e-02
1.202776399999999946e+01 9.360638300000000134e-02
1.210280099999999948e+01 1.215262319999999979e-01
1.217783900000000052e+01 1.297578709999999969e-01
1.225287600000000054e+01 1.112028919999999976e-01
1.232791399999999982e+01 1.256809640000000061e-01
1.240295099999999984e+01 7.003241300000000169e-02
1.247798900000000089e+01 1.139909179999999966e-01
1.255302700000000016e+01 1.010065289999999977e-01
1.262806400000000018e+01 1.025616520000000031e-01
1.270310199999999945e+01 1.208189860000000032e-01
1.277813899999999947e+01 1.176814330000000020e-01
1.285317700000000052e+01 7.430456400000000350e-02
1.292821400000000054e+01 1.213664869999999951e-01
1.300325199999999981e+01 9.205945199999999995e-02
1.307828899999999983e+01 1.054152139999999932e-01
1.315332700000000088e+01 9.895851799999999532e-02
1.322836399999999912e+01 9.197480099999999492e-02
1.330340200000000017e+01 8.862971699999999675e-02
1.337843900000000019e+01 9.303293999999999453e-02
1.345347699999999946e+01 8.859012199999999337e-02
1.352851399999999948e+01 9.130578400000000094e-02
1.360355200000000053e+01 8.077491300000000374e-02
1.367858900000000055e+01 6.101979999999999904e-02
1.375362699999999982e+01 4.299184300000000181e-02
1.382866399999999985e+01 6.553634699999999480e-02
1.390370199999999912e+01 7.724004600000000664e-02
1.397873899999999914e+01 5.555024599999999757e-02
1.405377700000000019e+01 4.545901399999999898e-02
1.412881400000000021e+01 6.064842799999999728e-02
1.420385199999999948e+01 5.603494199999999731e-02
1.427888899999999950e+01 4.467940399999999895e-02
1.435392700000000055e+01 6.071259899999999904e-02
1.442896400000000057e+01 5.368109499999999812e-02
1.450400199999999984e+01 6.699316499999999341e-02
1.457904000000000089e+01 5.801878199999999791e-02
1.465407699999999913e+01 7.014846700000000601e-02
1.472911500000000018e+01 5.533179099999999823e-02
1.480415200000000020e+01 4.979396999999999990e-02
1.487918999999999947e+01 5.686643400000000043e-02
1.495422699999999949e+01 6.435532700000000383e-02
1.502926500000000054e+01 6.629274500000000014e-02
1.510430200000000056e+01 5.138049599999999772e-02
1.517933999999999983e+01 5.383674299999999940e-02
1.525437699999999985e+01 6.266776599999999975e-02
1.532941499999999913e+01 5.203312899999999741e-02
1.540445199999999915e+01 5.602675000000000016e-02
1.547949000000000019e+01 7.251187200000000499e-02
1.555452700000000021e+01 5.085483999999999838e-02
1.562956499999999949e+01 7.924027000000000154e-02
1.570460199999999951e+01 5.222291099999999686e-02
1.577964000000000055e+01 7.789267900000000633e-02
1.585467700000000058e+01 4.350794200000000084e-02
1.592971499999999985e+01 5.212051000000000184e-02
1.600475199999999987e+01 5.170681199999999783e-02
1.607978999999999914e+01 5.917522499999999797e-02
1.615482700000000094e+01 6.543394600000000672e-02
1.622986500000000021e+01 6.867663000000000240e-02
1.630490199999999845e+01 6.605244500000000130e-02
1.637994000000000128e+01 7.406562899999999394e-02
1.645497699999999952e+01 4.553683800000000309e-02
1.653001499999999879e+01 5.998760300000000045e-02
1.660505300000000162e+01 7.503638599999999659e-02
1.668008999999999986e+01 7.366831499999999811e-02
1.675512799999999913e+01 7.226201399999999941e-02
1.683016500000000093e+01 4.705646200000000029e-02
1.690520300000000020e+01 5.510787600000000008e-02
1.698023999999999845e+01 5.999579499999999760e-02
1.705527800000000127e+01 6.171475900000000098e-02
1.713031499999999951e+01 5.857720599999999972e-02
1.720535299999999879e+01 5.115248399999999807e-02
1.728039000000000058e+01 4.430256999999999945e-02
1.735542799999999986e+01 5.059952100000000147e-02
1.743046500000000165e+01 5.701935200000000231e-02
1.750550300000000092e+01 6.625315099999999624e-02
1.758053999999999917e+01 4.133158900000000191e-02
1.765557799999999844e+01 5.457129699999999778e-02
1.773061500000000024e+01 4.968883899999999854e-02
1.780565299999999951e+01 4.399536899999999945e-02
1.788069000000000131e+01 5.189113299999999901e-02
1.795572800000000058e+01 5.357869400000000309e-02
1.803076499999999882e+01 4.158417699999999995e-02
1.810580300000000165e+01 5.685004999999999920e-02
1.818083999999999989e+01 5.199899499999999924e-02
1.825587799999999916e+01 5.262022499999999964e-02
1.833091500000000096e+01 6.359756299999999585e-02
1.840595300000000023e+01 7.684546300000000274e-02
1.848098999999999847e+01 3.746494499999999950e-02
1.855602800000000130e+01 5.250280599999999909e-02
1.863106600000000057e+01 4.523236700000000249e-02
1.870610299999999881e+01 4.057792100000000290e-02
1.878114100000000164e+01 4.253718499999999819e-02
1.885617799999999988e+01 4.435581899999999772e-02
1.893121599999999916e+01 4.306284099999999754e-02
1.900625300000000095e+01 4.532384500000000149e-02
1.908129100000000022e+01 2.980401900000000104e-02
1.915632799999999847e+01 5.071967100000000089e-02
1.923136600000000129e+01 5.223383399999999982e-02
1.930640299999999954e+01 5.999033299999999985e-02
1.938144099999999881e+01 4.461659899999999984e-02
1.945647800000000061e+01 5.726101799999999686e-02
1.953151599999999988e+01 5.379168699999999775e-02
1.960655300000000167e+01 5.425317200000000228e-02
1.968159100000000095e+01 6.990134000000000625e-02
1.975662799999999919e+01 4.694587000000000065e-02
1.983166599999999846e+01 4.756163800000000330e-02
1.990670300000000026e+01 5.408933199999999691e-02
1.998174099999999953e+01 7.622423300000000235e-02
2.005677800000000133e+01 4.996463799999999872e-02
2.013181600000000060e+01 3.799606199999999712e-02
2.020685299999999884e+01 5.970634300000000200e-02
2.028189100000000167e+01 4.450873699999999961e-02
2.035692799999999991e+01 3.781993300000000002e-02
2.043196599999999918e+01 3.644093899999999858e-02
2.050700399999999846e+01 3.686419500000000238e-02
2.058204100000000025e+01 4.059157499999999780e-02
2.065707899999999952e+01 4.725307100000000066e-02
2.073211600000000132e+01 4.202108599999999916e-02
2.080715400000000059e+01 5.227342900000000320e-02
2.088219099999999884e+01 4.321575899999999942e-02
2.095722900000000166e+01 4.396123500000000128e-02
2.103226599999999991e+01 3.603816399999999753e-02
2.110730399999999918e+01 5.265708899999999720e-02
2.118234100000000097e+01 5.393641300000000249e-02
2.125737900000000025e+01 5.406339000000000283e-02
2.133241599999999849e+01 5.911651500000000142e-02
2.140745400000000132e+01 5.012028699999999948e-02
2.148249099999999956e+01 7.080110000000000570e-02
2.155752899999999883e+01 3.890401400000000065e-02
2.163256600000000063e+01 5.770611900000000016e-02
2.170760399999999990e+01 3.570365600000000028e-02
2.178264100000000170e+01 6.235510300000000200e-02
2.185767900000000097e+01 3.749907799999999819e-02
2.193271599999999921e+01 4.075405000000000000e-02
2.200775399999999848e+01 5.216829700000000236e-02
2.208279100000000028e+01 5.680908999999999959e-02
2.215782899999999955e+01 5.808568299999999907e-02
2.223286600000000135e+01 6.049414399999999969e-02
2.230790400000000062e+01 4.584540499999999880e-02
2.238294099999999887e+01 4.751931300000000052e-02
2.245797900000000169e+01 5.114975299999999919e-02
2.253301700000000096e+01 3.676179400000000042e-02
2.260805399999999921e+01 6.259949900000000289e-02
2.268309199999999848e+01 3.957576100000000097e-02
2.275812900000000027e+01 4.324989299999999759e-02
2.283316699999999955e+01 5.918068600000000318e-02
2.290820400000000134e+01 5.288100500000000176e-02
2.298324200000000062e+01 4.466028999999999832e-02
2.305827899999999886e+01 5.247823000000000071e-02
2.313331700000000168e+01 4.209481500000000070e-02
2.320835399999999993e+01 5.437332200000000171e-02
2.328339199999999920e+01 2.997332100000000069e-02
2.335842900000000100e+01 4.193370500000000167e-02
2.343346700000000027e+01 4.320756700000000228e-02
2.350850399999999851e+01 5.550519000000000286e-02
2.358354200000000134e+01 4.630279400000000128e-02
2.365857899999999958e+01 3.759601800000000188e-02
2.373361699999999885e+01 4.037585099999999733e-02
2.380865400000000065e+01 4.229415400000000047e-02
2.388369199999999992e+01 4.423703400000000147e-02
2.395872900000000172e+01 4.431349300000000241e-02
2.403376700000000099e+01 2.922784499999999883e-02
2.410880399999999923e+01 3.719597300000000023e-02
2.418384199999999851e+01 5.704529400000000333e-02
2.425887900000000030e+01 6.507076600000000210e-02
2.433391699999999958e+01 4.439268300000000222e-02
2.440895400000000137e+01 4.752750499999999767e-02
2.448399200000000064e+01 3.768339899999999937e-02
2.455902999999999992e+01 3.898866499999999874e-02
2.463406700000000171e+01 5.927762599999999993e-02
2.470910500000000098e+01 4.949086500000000194e-02
2.478414199999999923e+01 4.139985599999999877e-02
2.485917999999999850e+01 5.218331600000000042e-02
2.493421700000000030e+01 2.900392900000000121e-02
