     -1.2000E+00       0.0000E+00
     -1.1980E+00       6.8926E-04
     -1.1960E+00       1.3788E-03
     -1.1940E+00       2.0688E-03
     -1.1920E+00       2.7594E-03
     -1.1900E+00       3.4507E-03
     -1.1880E+00       4.1428E-03
     -1.1860E+00       4.8359E-03
     -1.1840E+00       5.5302E-03
     -1.1820E+00       6.2257E-03
     -1.1800E+00       6.9226E-03
     -1.1780E+00       7.6210E-03
     -1.1760E+00       8.3211E-03
     -1.1740E+00       9.0231E-03
     -1.1720E+00       9.7270E-03
     -1.1700E+00       1.0433E-02
     -1.1680E+00       1.1141E-02
     -1.1660E+00       1.1852E-02
     -1.1640E+00       1.2565E-02
     -1.1620E+00       1.3281E-02
     -1.1600E+00       1.3999E-02
     -1.1580E+00       1.4721E-02
     -1.1560E+00       1.5445E-02
     -1.1540E+00       1.6173E-02
     -1.1520E+00       1.6904E-02
     -1.1500E+00       1.7639E-02
     -1.1480E+00       1.8377E-02
     -1.1460E+00       1.9119E-02
     -1.1440E+00       1.9865E-02
     -1.1420E+00       2.0615E-02
     -1.1400E+00       2.1370E-02
     -1.1380E+00       2.2129E-02
     -1.1360E+00       2.2892E-02
     -1.1340E+00       2.3660E-02
     -1.1320E+00       2.4433E-02
     -1.1300E+00       2.5211E-02
     -1.1280E+00       2.5995E-02
     -1.1260E+00       2.6783E-02
     -1.1240E+00       2.7577E-02
     -1.1220E+00       2.8377E-02
     -1.1200E+00       2.9183E-02
     -1.1180E+00       2.9994E-02
     -1.1160E+00       3.0812E-02
     -1.1140E+00       3.1636E-02
     -1.1120E+00       3.2467E-02
     -1.1100E+00       3.3304E-02
     -1.1080E+00       3.4148E-02
     -1.1060E+00       3.4999E-02
     -1.1040E+00       3.5857E-02
     -1.1020E+00       3.6723E-02
     -1.1000E+00       3.7596E-02
     -1.0980E+00       3.8477E-02
     -1.0960E+00       3.9366E-02
     -1.0940E+00       4.0263E-02
     -1.0920E+00       4.1169E-02
     -1.0900E+00       4.2082E-02
     -1.0880E+00       4.3005E-02
     -1.0860E+00       4.3936E-02
     -1.0840E+00       4.4877E-02
     -1.0820E+00       4.5826E-02
     -1.0800E+00       4.6785E-02
     -1.0780E+00       4.7754E-02
     -1.0760E+00       4.8733E-02
     -1.0740E+00       4.9722E-02
     -1.0720E+00       5.0721E-02
     -1.0700E+00       5.1731E-02
     -1.0680E+00       5.2751E-02
     -1.0660E+00       5.3783E-02
     -1.0640E+00       5.4825E-02
     -1.0620E+00       5.5880E-02
     -1.0600E+00       5.6945E-02
     -1.0580E+00       5.8023E-02
     -1.0560E+00       5.9113E-02
     -1.0540E+00       6.0216E-02
     -1.0520E+00       6.1331E-02
     -1.0500E+00       6.2459E-02
     -1.0480E+00       6.3600E-02
     -1.0460E+00       6.4754E-02
     -1.0440E+00       6.5922E-02
     -1.0420E+00       6.7104E-02
     -1.0400E+00       6.8301E-02
     -1.0380E+00       6.9511E-02
     -1.0360E+00       7.0737E-02
     -1.0340E+00       7.1978E-02
     -1.0320E+00       7.3233E-02
     -1.0300E+00       7.4505E-02
     -1.0280E+00       7.5792E-02
     -1.0260E+00       7.7097E-02
     -1.0240E+00       7.8418E-02
     -1.0220E+00       7.9755E-02
     -1.0200E+00       8.1110E-02
     -1.0180E+00       8.2483E-02
     -1.0160E+00       8.3873E-02
     -1.0140E+00       8.5281E-02
     -1.0120E+00       8.6708E-02
     -1.0100E+00       8.8152E-02
     -1.0080E+00       8.9614E-02
     -1.0060E+00       9.1095E-02
     -1.0040E+00       9.2596E-02
     -1.0020E+00       9.4117E-02
     -1.0000E+00       9.5658E-02
     -9.9800E-01       9.7222E-02
     -9.9600E-01       9.8807E-02
     -9.9400E-01       1.0041E-01
     -9.9200E-01       1.0204E-01
     -9.9000E-01       1.0369E-01
     -9.8800E-01       1.0537E-01
     -9.8600E-01       1.0706E-01
     -9.8400E-01       1.0879E-01
     -9.8200E-01       1.1053E-01
     -9.8000E-01       1.1231E-01
     -9.7800E-01       1.1410E-01
     -9.7600E-01       1.1592E-01
     -9.7400E-01       1.1777E-01
     -9.7200E-01       1.1964E-01
     -9.7000E-01       1.2154E-01
     -9.6800E-01       1.2347E-01
     -9.6600E-01       1.2542E-01
     -9.6400E-01       1.2741E-01
     -9.6200E-01       1.2941E-01
     -9.6000E-01       1.3145E-01
     -9.5800E-01       1.3352E-01
     -9.5600E-01       1.3562E-01
     -9.5400E-01       1.3775E-01
     -9.5200E-01       1.3991E-01
     -9.5000E-01       1.4211E-01
     -9.4800E-01       1.4433E-01
     -9.4600E-01       1.4659E-01
     -9.4400E-01       1.4889E-01
     -9.4200E-01       1.5122E-01
     -9.4000E-01       1.5358E-01
     -9.3800E-01       1.5598E-01
     -9.3600E-01       1.5842E-01
     -9.3400E-01       1.6089E-01
     -9.3200E-01       1.6340E-01
     -9.3000E-01       1.6595E-01
     -9.2800E-01       1.6853E-01
     -9.2600E-01       1.7116E-01
     -9.2400E-01       1.7383E-01
     -9.2200E-01       1.7654E-01
     -9.2000E-01       1.7929E-01
     -9.1800E-01       1.8208E-01
     -9.1600E-01       1.8492E-01
     -9.1400E-01       1.8780E-01
     -9.1200E-01       1.9073E-01
     -9.1000E-01       1.9370E-01
     -9.0800E-01       1.9672E-01
     -9.0600E-01       1.9978E-01
     -9.0400E-01       2.0290E-01
     -9.0200E-01       2.0606E-01
     -9.0000E-01       2.0927E-01
     -8.9800E-01       2.1254E-01
     -8.9600E-01       2.1586E-01
     -8.9400E-01       2.1923E-01
     -8.9200E-01       2.2266E-01
     -8.9000E-01       2.2614E-01
     -8.8800E-01       2.2968E-01
     -8.8600E-01       2.3327E-01
     -8.8400E-01       2.3692E-01
     -8.8200E-01       2.4063E-01
     -8.8000E-01       2.4440E-01
     -8.7800E-01       2.4823E-01
     -8.7600E-01       2.5213E-01
     -8.7400E-01       2.5608E-01
     -8.7200E-01       2.6010E-01
     -8.7000E-01       2.6418E-01
     -8.6800E-01       2.6834E-01
     -8.6600E-01       2.7256E-01
     -8.6400E-01       2.7685E-01
     -8.6200E-01       2.8121E-01
     -8.6000E-01       2.8565E-01
     -8.5800E-01       2.9016E-01
     -8.5600E-01       2.9474E-01
     -8.5400E-01       2.9940E-01
     -8.5200E-01       3.0414E-01
     -8.5000E-01       3.0895E-01
     -8.4800E-01       3.1385E-01
     -8.4600E-01       3.1884E-01
     -8.4400E-01       3.2391E-01
     -8.4200E-01       3.2906E-01
     -8.4000E-01       3.3430E-01
     -8.3800E-01       3.3962E-01
     -8.3600E-01       3.4503E-01
     -8.3400E-01       3.5053E-01
     -8.3200E-01       3.5614E-01
     -8.3000E-01       3.6184E-01
     -8.2800E-01       3.6764E-01
     -8.2600E-01       3.7354E-01
     -8.2400E-01       3.7952E-01
     -8.2200E-01       3.8562E-01
     -8.2000E-01       3.9183E-01
     -8.1800E-01       3.9815E-01
     -8.1600E-01       4.0456E-01
     -8.1400E-01       4.1109E-01
     -8.1200E-01       4.1774E-01
     -8.1000E-01       4.2450E-01
     -8.0800E-01       4.3137E-01
     -8.0600E-01       4.3837E-01
     -8.0400E-01       4.4549E-01
     -8.0200E-01       4.5273E-01
     -8.0000E-01       4.6010E-01
     -7.9800E-01       4.6760E-01
     -7.9600E-01       4.7523E-01
     -7.9400E-01       4.8299E-01
     -7.9200E-01       4.9090E-01
     -7.9000E-01       4.9894E-01
     -7.8800E-01       5.0712E-01
     -7.8600E-01       5.1545E-01
     -7.8400E-01       5.2392E-01
     -7.8200E-01       5.3255E-01
     -7.8000E-01       5.4132E-01
     -7.7800E-01       5.5026E-01
     -7.7600E-01       5.5935E-01
     -7.7400E-01       5.6861E-01
     -7.7200E-01       5.7803E-01
     -7.7000E-01       5.8761E-01
     -7.6800E-01       5.9737E-01
     -7.6600E-01       6.0731E-01
     -7.6400E-01       6.1742E-01
     -7.6200E-01       6.2772E-01
     -7.6000E-01       6.3820E-01
     -7.5800E-01       6.4886E-01
     -7.5600E-01       6.5972E-01
     -7.5400E-01       6.7077E-01
     -7.5200E-01       6.8202E-01
     -7.5000E-01       6.9348E-01
     -7.4800E-01       7.0514E-01
     -7.4600E-01       7.1701E-01
     -7.4400E-01       7.2911E-01
     -7.4200E-01       7.4143E-01
     -7.4000E-01       7.5397E-01
     -7.3800E-01       7.6672E-01
     -7.3600E-01       7.7971E-01
     -7.3400E-01       7.9292E-01
     -7.3200E-01       8.0637E-01
     -7.3000E-01       8.2008E-01
     -7.2800E-01       8.3404E-01
     -7.2600E-01       8.4826E-01
     -7.2400E-01       8.6272E-01
     -7.2200E-01       8.7743E-01
     -7.2000E-01       8.9243E-01
     -7.1800E-01       9.0770E-01
     -7.1600E-01       9.2325E-01
     -7.1400E-01       9.3907E-01
     -7.1200E-01       9.5518E-01
     -7.1000E-01       9.7159E-01
     -7.0800E-01       9.8829E-01
     -7.0600E-01       1.0053E+00
     -7.0400E-01       1.0226E+00
     -7.0200E-01       1.0402E+00
     -7.0000E-01       1.0582E+00
     -6.9800E-01       1.0765E+00
     -6.9600E-01       1.0951E+00
     -6.9400E-01       1.1140E+00
     -6.9200E-01       1.1333E+00
     -6.9000E-01       1.1529E+00
     -6.8800E-01       1.1729E+00
     -6.8600E-01       1.1932E+00
     -6.8400E-01       1.2139E+00
     -6.8200E-01       1.2350E+00
     -6.8000E-01       1.2564E+00
     -6.7800E-01       1.2783E+00
     -6.7600E-01       1.3005E+00
     -6.7400E-01       1.3231E+00
     -6.7200E-01       1.3461E+00
     -6.7000E-01       1.3696E+00
     -6.6800E-01       1.3934E+00
     -6.6600E-01       1.4177E+00
     -6.6400E-01       1.4424E+00
     -6.6200E-01       1.4675E+00
     -6.6000E-01       1.4931E+00
     -6.5800E-01       1.5191E+00
     -6.5600E-01       1.5455E+00
     -6.5400E-01       1.5725E+00
     -6.5200E-01       1.5999E+00
     -6.5000E-01       1.6277E+00
     -6.4800E-01       1.6561E+00
     -6.4600E-01       1.6849E+00
     -6.4400E-01       1.7143E+00
     -6.4200E-01       1.7441E+00
     -6.4000E-01       1.7744E+00
     -6.3800E-01       1.8053E+00
     -6.3600E-01       1.8367E+00
     -6.3400E-01       1.8686E+00
     -6.3200E-01       1.9010E+00
     -6.3000E-01       1.9340E+00
     -6.2800E-01       1.9675E+00
     -6.2600E-01       2.0015E+00
     -6.2400E-01       2.0362E+00
     -6.2200E-01       2.0714E+00
     -6.2000E-01       2.1071E+00
     -6.1800E-01       2.1434E+00
     -6.1600E-01       2.1803E+00
     -6.1400E-01       2.2178E+00
     -6.1200E-01       2.2559E+00
     -6.1000E-01       2.2946E+00
     -6.0800E-01       2.3339E+00
     -6.0600E-01       2.3738E+00
     -6.0400E-01       2.4143E+00
     -6.0200E-01       2.4554E+00
     -6.0000E-01       2.4971E+00
     -5.9800E-01       2.5395E+00
     -5.9600E-01       2.5825E+00
     -5.9400E-01       2.6261E+00
     -5.9200E-01       2.6703E+00
     -5.9000E-01       2.7152E+00
     -5.8800E-01       2.7608E+00
     -5.8600E-01       2.8070E+00
     -5.8400E-01       2.8538E+00
     -5.8200E-01       2.9012E+00
     -5.8000E-01       2.9494E+00
     -5.7800E-01       2.9981E+00
     -5.7600E-01       3.0476E+00
     -5.7400E-01       3.0976E+00
     -5.7200E-01       3.1484E+00
     -5.7000E-01       3.1998E+00
     -5.6800E-01       3.2518E+00
     -5.6600E-01       3.3045E+00
     -5.6400E-01       3.3578E+00
     -5.6200E-01       3.4118E+00
     -5.6000E-01       3.4665E+00
     -5.5800E-01       3.5217E+00
     -5.5600E-01       3.5777E+00
     -5.5400E-01       3.6342E+00
     -5.5200E-01       3.6914E+00
     -5.5000E-01       3.7492E+00
     -5.4800E-01       3.8077E+00
     -5.4600E-01       3.8667E+00
     -5.4400E-01       3.9264E+00
     -5.4200E-01       3.9867E+00
     -5.4000E-01       4.0476E+00
     -5.3800E-01       4.1090E+00
     -5.3600E-01       4.1711E+00
     -5.3400E-01       4.2337E+00
     -5.3200E-01       4.2969E+00
     -5.3000E-01       4.3607E+00
     -5.2800E-01       4.4250E+00
     -5.2600E-01       4.4898E+00
     -5.2400E-01       4.5552E+00
     -5.2200E-01       4.6211E+00
     -5.2000E-01       4.6874E+00
     -5.1800E-01       4.7543E+00
     -5.1600E-01       4.8217E+00
     -5.1400E-01       4.8895E+00
     -5.1200E-01       4.9577E+00
     -5.1000E-01       5.0264E+00
     -5.0800E-01       5.0955E+00
     -5.0600E-01       5.1650E+00
     -5.0400E-01       5.2349E+00
     -5.0200E-01       5.3052E+00
     -5.0000E-01       5.3758E+00
     -4.9800E-01       5.4468E+00
     -4.9600E-01       5.5181E+00
     -4.9400E-01       5.5897E+00
     -4.9200E-01       5.6615E+00
     -4.9000E-01       5.7337E+00
     -4.8800E-01       5.8060E+00
     -4.8600E-01       5.8786E+00
     -4.8400E-01       5.9515E+00
     -4.8200E-01       6.0245E+00
     -4.8000E-01       6.0976E+00
     -4.7800E-01       6.1710E+00
     -4.7600E-01       6.2444E+00
     -4.7400E-01       6.3179E+00
     -4.7200E-01       6.3916E+00
     -4.7000E-01       6.4653E+00
     -4.6800E-01       6.5390E+00
     -4.6600E-01       6.6128E+00
     -4.6400E-01       6.6866E+00
     -4.6200E-01       6.7603E+00
     -4.6000E-01       6.8340E+00
     -4.5800E-01       6.9077E+00
     -4.5600E-01       6.9813E+00
     -4.5400E-01       7.0547E+00
     -4.5200E-01       7.1281E+00
     -4.5000E-01       7.2013E+00
     -4.4800E-01       7.2743E+00
     -4.4600E-01       7.3472E+00
     -4.4400E-01       7.4198E+00
     -4.4200E-01       7.4923E+00
     -4.4000E-01       7.5644E+00
     -4.3800E-01       7.6364E+00
     -4.3600E-01       7.7080E+00
     -4.3400E-01       7.7794E+00
     -4.3200E-01       7.8504E+00
     -4.3000E-01       7.9211E+00
     -4.2800E-01       7.9914E+00
     -4.2600E-01       8.0613E+00
     -4.2400E-01       8.1309E+00
     -4.2200E-01       8.2001E+00
     -4.2000E-01       8.2688E+00
     -4.1800E-01       8.3371E+00
     -4.1600E-01       8.4050E+00
     -4.1400E-01       8.4724E+00
     -4.1200E-01       8.5393E+00
     -4.1000E-01       8.6057E+00
     -4.0800E-01       8.6717E+00
     -4.0600E-01       8.7371E+00
     -4.0400E-01       8.8019E+00
     -4.0200E-01       8.8663E+00
     -4.0000E-01       8.9300E+00
     -3.9800E-01       8.9933E+00
     -3.9600E-01       9.0559E+00
     -3.9400E-01       9.1180E+00
     -3.9200E-01       9.1794E+00
     -3.9000E-01       9.2403E+00
     -3.8800E-01       9.3006E+00
     -3.8600E-01       9.3602E+00
     -3.8400E-01       9.4192E+00
     -3.8200E-01       9.4776E+00
     -3.8000E-01       9.5354E+00
     -3.7800E-01       9.5925E+00
     -3.7600E-01       9.6490E+00
     -3.7400E-01       9.7049E+00
     -3.7200E-01       9.7600E+00
     -3.7000E-01       9.8146E+00
     -3.6800E-01       9.8684E+00
     -3.6600E-01       9.9217E+00
     -3.6400E-01       9.9742E+00
     -3.6200E-01       1.0026E+01
     -3.6000E-01       1.0077E+01
     -3.5800E-01       1.0128E+01
     -3.5600E-01       1.0178E+01
     -3.5400E-01       1.0227E+01
     -3.5200E-01       1.0276E+01
     -3.5000E-01       1.0324E+01
     -3.4800E-01       1.0371E+01
     -3.4600E-01       1.0417E+01
     -3.4400E-01       1.0463E+01
     -3.4200E-01       1.0509E+01
     -3.4000E-01       1.0553E+01
     -3.3800E-01       1.0597E+01
     -3.3600E-01       1.0641E+01
     -3.3400E-01       1.0683E+01
     -3.3200E-01       1.0725E+01
     -3.3000E-01       1.0767E+01
     -3.2800E-01       1.0808E+01
     -3.2600E-01       1.0848E+01
     -3.2400E-01       1.0887E+01
     -3.2200E-01       1.0926E+01
     -3.2000E-01       1.0965E+01
     -3.1800E-01       1.1002E+01
     -3.1600E-01       1.1039E+01
     -3.1400E-01       1.1076E+01
     -3.1200E-01       1.1112E+01
     -3.1000E-01       1.1147E+01
     -3.0800E-01       1.1182E+01
     -3.0600E-01       1.1216E+01
     -3.0400E-01       1.1250E+01
     -3.0200E-01       1.1283E+01
     -3.0000E-01       1.1316E+01
     -2.9800E-01       1.1348E+01
     -2.9600E-01       1.1379E+01
     -2.9400E-01       1.1410E+01
     -2.9200E-01       1.1440E+01
     -2.9000E-01       1.1470E+01
     -2.8800E-01       1.1500E+01
     -2.8600E-01       1.1528E+01
     -2.8400E-01       1.1557E+01
     -2.8200E-01       1.1585E+01
     -2.8000E-01       1.1612E+01
     -2.7800E-01       1.1639E+01
     -2.7600E-01       1.1665E+01
     -2.7400E-01       1.1691E+01
     -2.7200E-01       1.1717E+01
     -2.7000E-01       1.1742E+01
     -2.6800E-01       1.1767E+01
     -2.6600E-01       1.1791E+01
     -2.6400E-01       1.1815E+01
     -2.6200E-01       1.1838E+01
     -2.6000E-01       1.1861E+01
     -2.5800E-01       1.1883E+01
     -2.5600E-01       1.1905E+01
     -2.5400E-01       1.1927E+01
     -2.5200E-01       1.1948E+01
     -2.5000E-01       1.1969E+01
     -2.4800E-01       1.1990E+01
     -2.4600E-01       1.2010E+01
     -2.4400E-01       1.2030E+01
     -2.4200E-01       1.2049E+01
     -2.4000E-01       1.2068E+01
     -2.3800E-01       1.2087E+01
     -2.3600E-01       1.2105E+01
     -2.3400E-01       1.2123E+01
     -2.3200E-01       1.2141E+01
     -2.3000E-01       1.2158E+01
     -2.2800E-01       1.2175E+01
     -2.2600E-01       1.2192E+01
     -2.2400E-01       1.2209E+01
     -2.2200E-01       1.2225E+01
     -2.2000E-01       1.2241E+01
     -2.1800E-01       1.2256E+01
     -2.1600E-01       1.2271E+01
     -2.1400E-01       1.2286E+01
     -2.1200E-01       1.2301E+01
     -2.1000E-01       1.2315E+01
     -2.0800E-01       1.2329E+01
     -2.0600E-01       1.2343E+01
     -2.0400E-01       1.2357E+01
     -2.0200E-01       1.2370E+01
     -2.0000E-01       1.2383E+01
     -1.9800E-01       1.2396E+01
     -1.9600E-01       1.2409E+01
     -1.9400E-01       1.2421E+01
     -1.9200E-01       1.2433E+01
     -1.9000E-01       1.2445E+01
     -1.8800E-01       1.2457E+01
     -1.8600E-01       1.2468E+01
     -1.8400E-01       1.2479E+01
     -1.8200E-01       1.2490E+01
     -1.8000E-01       1.2501E+01
     -1.7800E-01       1.2512E+01
     -1.7600E-01       1.2522E+01
     -1.7400E-01       1.2532E+01
     -1.7200E-01       1.2542E+01
     -1.7000E-01       1.2552E+01
     -1.6800E-01       1.2562E+01
     -1.6600E-01       1.2571E+01
     -1.6400E-01       1.2580E+01
     -1.6200E-01       1.2589E+01
     -1.6000E-01       1.2598E+01
     -1.5800E-01       1.2607E+01
     -1.5600E-01       1.2615E+01
     -1.5400E-01       1.2624E+01
     -1.5200E-01       1.2632E+01
     -1.5000E-01       1.2640E+01
     -1.4800E-01       1.2648E+01
     -1.4600E-01       1.2655E+01
     -1.4400E-01       1.2663E+01
     -1.4200E-01       1.2670E+01
     -1.4000E-01       1.2677E+01
     -1.3800E-01       1.2684E+01
     -1.3600E-01       1.2691E+01
     -1.3400E-01       1.2698E+01
     -1.3200E-01       1.2705E+01
     -1.3000E-01       1.2711E+01
     -1.2800E-01       1.2717E+01
     -1.2600E-01       1.2724E+01
     -1.2400E-01       1.2730E+01
     -1.2200E-01       1.2736E+01
     -1.2000E-01       1.2741E+01
     -1.1800E-01       1.2747E+01
     -1.1600E-01       1.2753E+01
     -1.1400E-01       1.2758E+01
     -1.1200E-01       1.2763E+01
     -1.1000E-01       1.2769E+01
     -1.0800E-01       1.2774E+01
     -1.0600E-01       1.2779E+01
     -1.0400E-01       1.2783E+01
     -1.0200E-01       1.2788E+01
     -1.0000E-01       1.2793E+01
     -9.8000E-02       1.2797E+01
     -9.6000E-02       1.2802E+01
     -9.4000E-02       1.2806E+01
     -9.2000E-02       1.2810E+01
     -9.0000E-02       1.2814E+01
     -8.8000E-02       1.2818E+01
     -8.6000E-02       1.2822E+01
     -8.4000E-02       1.2825E+01
     -8.2000E-02       1.2829E+01
     -8.0000E-02       1.2833E+01
     -7.8000E-02       1.2836E+01
     -7.6000E-02       1.2839E+01
     -7.4000E-02       1.2843E+01
     -7.2000E-02       1.2846E+01
     -7.0000E-02       1.2849E+01
     -6.8000E-02       1.2852E+01
     -6.6000E-02       1.2854E+01
     -6.4000E-02       1.2857E+01
     -6.2000E-02       1.2860E+01
     -6.0000E-02       1.2862E+01
     -5.8000E-02       1.2865E+01
     -5.6000E-02       1.2867E+01
     -5.4000E-02       1.2870E+01
     -5.2000E-02       1.2872E+01
     -5.0000E-02       1.2874E+01
     -4.8000E-02       1.2876E+01
     -4.6000E-02       1.2878E+01
     -4.4000E-02       1.2880E+01
     -4.2000E-02       1.2881E+01
     -4.0000E-02       1.2883E+01
     -3.8000E-02       1.2885E+01
     -3.6000E-02       1.2886E+01
     -3.4000E-02       1.2888E+01
     -3.2000E-02       1.2889E+01
     -3.0000E-02       1.2890E+01
     -2.8000E-02       1.2891E+01
     -2.6000E-02       1.2893E+01
     -2.4000E-02       1.2894E+01
     -2.2000E-02       1.2894E+01
     -2.0000E-02       1.2895E+01
     -1.8000E-02       1.2896E+01
     -1.6000E-02       1.2897E+01
     -1.4000E-02       1.2897E+01
     -1.2000E-02       1.2898E+01
     -1.0000E-02       1.2898E+01
     -8.0000E-03       1.2899E+01
     -6.0000E-03       1.2899E+01
     -4.0000E-03       1.2899E+01
     -2.0000E-03       1.2899E+01
      0.0000E+00       1.2899E+01
      2.0000E-03       1.2899E+01
      4.0000E-03       1.2899E+01
      6.0000E-03       1.2899E+01
      8.0000E-03       1.2899E+01
      1.0000E-02       1.2898E+01
      1.2000E-02       1.2898E+01
      1.4000E-02       1.2897E+01
      1.6000E-02       1.2897E+01
      1.8000E-02       1.2896E+01
      2.0000E-02       1.2895E+01
      2.2000E-02       1.2895E+01
      2.4000E-02       1.2894E+01
      2.6000E-02       1.2893E+01
      2.8000E-02       1.2891E+01
      3.0000E-02       1.2890E+01
      3.2000E-02       1.2889E+01
      3.4000E-02       1.2888E+01
      3.6000E-02       1.2886E+01
      3.8000E-02       1.2885E+01
      4.0000E-02       1.2883E+01
      4.2000E-02       1.2882E+01
      4.4000E-02       1.2880E+01
      4.6000E-02       1.2878E+01
      4.8000E-02       1.2876E+01
      5.0000E-02       1.2874E+01
      5.2000E-02       1.2872E+01
      5.4000E-02       1.2870E+01
      5.6000E-02       1.2867E+01
      5.8000E-02       1.2865E+01
      6.0000E-02       1.2863E+01
      6.2000E-02       1.2860E+01
      6.4000E-02       1.2857E+01
      6.6000E-02       1.2855E+01
      6.8000E-02       1.2852E+01
      7.0000E-02       1.2849E+01
      7.2000E-02       1.2846E+01
      7.4000E-02       1.2843E+01
      7.6000E-02       1.2840E+01
      7.8000E-02       1.2836E+01
      8.0000E-02       1.2833E+01
      8.2000E-02       1.2829E+01
      8.4000E-02       1.2826E+01
      8.6000E-02       1.2822E+01
      8.8000E-02       1.2818E+01
      9.0000E-02       1.2814E+01
      9.2000E-02       1.2810E+01
      9.4000E-02       1.2806E+01
      9.6000E-02       1.2802E+01
      9.8000E-02       1.2797E+01
      1.0000E-01       1.2793E+01
      1.0200E-01       1.2788E+01
      1.0400E-01       1.2784E+01
      1.0600E-01       1.2779E+01
      1.0800E-01       1.2774E+01
      1.1000E-01       1.2769E+01
      1.1200E-01       1.2764E+01
      1.1400E-01       1.2758E+01
      1.1600E-01       1.2753E+01
      1.1800E-01       1.2747E+01
      1.2000E-01       1.2742E+01
      1.2200E-01       1.2736E+01
      1.2400E-01       1.2730E+01
      1.2600E-01       1.2724E+01
      1.2800E-01       1.2718E+01
      1.3000E-01       1.2711E+01
      1.3200E-01       1.2705E+01
      1.3400E-01       1.2698E+01
      1.3600E-01       1.2692E+01
      1.3800E-01       1.2685E+01
      1.4000E-01       1.2678E+01
      1.4200E-01       1.2670E+01
      1.4400E-01       1.2663E+01
      1.4600E-01       1.2656E+01
      1.4800E-01       1.2648E+01
      1.5000E-01       1.2640E+01
      1.5200E-01       1.2632E+01
      1.5400E-01       1.2624E+01
      1.5600E-01       1.2616E+01
      1.5800E-01       1.2607E+01
      1.6000E-01       1.2598E+01
      1.6200E-01       1.2590E+01
      1.6400E-01       1.2581E+01
      1.6600E-01       1.2571E+01
      1.6800E-01       1.2562E+01
      1.7000E-01       1.2552E+01
      1.7200E-01       1.2543E+01
      1.7400E-01       1.2533E+01
      1.7600E-01       1.2523E+01
      1.7800E-01       1.2512E+01
      1.8000E-01       1.2502E+01
      1.8200E-01       1.2491E+01
      1.8400E-01       1.2480E+01
      1.8600E-01       1.2469E+01
      1.8800E-01       1.2457E+01
      1.9000E-01       1.2446E+01
      1.9200E-01       1.2434E+01
      1.9400E-01       1.2422E+01
      1.9600E-01       1.2409E+01
      1.9800E-01       1.2397E+01
      2.0000E-01       1.2384E+01
      2.0200E-01       1.2371E+01
      2.0400E-01       1.2357E+01
      2.0600E-01       1.2344E+01
      2.0800E-01       1.2330E+01
      2.1000E-01       1.2316E+01
      2.1200E-01       1.2301E+01
      2.1400E-01       1.2287E+01
      2.1600E-01       1.2272E+01
      2.1800E-01       1.2257E+01
      2.2000E-01       1.2241E+01
      2.2200E-01       1.2225E+01
      2.2400E-01       1.2209E+01
      2.2600E-01       1.2193E+01
      2.2800E-01       1.2176E+01
      2.3000E-01       1.2159E+01
      2.3200E-01       1.2142E+01
      2.3400E-01       1.2124E+01
      2.3600E-01       1.2106E+01
      2.3800E-01       1.2088E+01
      2.4000E-01       1.2069E+01
      2.4200E-01       1.2050E+01
      2.4400E-01       1.2030E+01
      2.4600E-01       1.2011E+01
      2.4800E-01       1.1990E+01
      2.5000E-01       1.1970E+01
      2.5200E-01       1.1949E+01
      2.5400E-01       1.1928E+01
      2.5600E-01       1.1906E+01
      2.5800E-01       1.1884E+01
      2.6000E-01       1.1861E+01
      2.6200E-01       1.1839E+01
      2.6400E-01       1.1815E+01
      2.6600E-01       1.1791E+01
      2.6800E-01       1.1767E+01
      2.7000E-01       1.1743E+01
      2.7200E-01       1.1718E+01
      2.7400E-01       1.1692E+01
      2.7600E-01       1.1666E+01
      2.7800E-01       1.1640E+01
      2.8000E-01       1.1613E+01
      2.8200E-01       1.1585E+01
      2.8400E-01       1.1558E+01
      2.8600E-01       1.1529E+01
      2.8800E-01       1.1500E+01
      2.9000E-01       1.1471E+01
      2.9200E-01       1.1441E+01
      2.9400E-01       1.1411E+01
      2.9600E-01       1.1380E+01
      2.9800E-01       1.1348E+01
      3.0000E-01       1.1316E+01
      3.0200E-01       1.1284E+01
      3.0400E-01       1.1251E+01
      3.0600E-01       1.1217E+01
      3.0800E-01       1.1183E+01
      3.1000E-01       1.1148E+01
      3.1200E-01       1.1113E+01
      3.1400E-01       1.1077E+01
      3.1600E-01       1.1040E+01
      3.1800E-01       1.1003E+01
      3.2000E-01       1.0965E+01
      3.2200E-01       1.0927E+01
      3.2400E-01       1.0888E+01
      3.2600E-01       1.0849E+01
      3.2800E-01       1.0808E+01
      3.3000E-01       1.0768E+01
      3.3200E-01       1.0726E+01
      3.3400E-01       1.0684E+01
      3.3600E-01       1.0642E+01
      3.3800E-01       1.0598E+01
      3.4000E-01       1.0554E+01
      3.4200E-01       1.0510E+01
      3.4400E-01       1.0464E+01
      3.4600E-01       1.0418E+01
      3.4800E-01       1.0372E+01
      3.5000E-01       1.0324E+01
      3.5200E-01       1.0277E+01
      3.5400E-01       1.0228E+01
      3.5600E-01       1.0179E+01
      3.5800E-01       1.0129E+01
      3.6000E-01       1.0078E+01
      3.6200E-01       1.0027E+01
      3.6400E-01       9.9752E+00
      3.6600E-01       9.9226E+00
      3.6800E-01       9.8694E+00
      3.7000E-01       9.8155E+00
      3.7200E-01       9.7610E+00
      3.7400E-01       9.7058E+00
      3.7600E-01       9.6500E+00
      3.7800E-01       9.5935E+00
      3.8000E-01       9.5364E+00
      3.8200E-01       9.4786E+00
      3.8400E-01       9.4202E+00
      3.8600E-01       9.3612E+00
      3.8800E-01       9.3016E+00
      3.9000E-01       9.2413E+00
      3.9200E-01       9.1804E+00
      3.9400E-01       9.1190E+00
      3.9600E-01       9.0569E+00
      3.9800E-01       8.9943E+00
      4.0000E-01       8.9311E+00
      4.0200E-01       8.8673E+00
      4.0400E-01       8.8030E+00
      4.0600E-01       8.7381E+00
      4.0800E-01       8.6727E+00
      4.1000E-01       8.6068E+00
      4.1200E-01       8.5404E+00
      4.1400E-01       8.4734E+00
      4.1600E-01       8.4060E+00
      4.1800E-01       8.3382E+00
      4.2000E-01       8.2699E+00
      4.2200E-01       8.2011E+00
      4.2400E-01       8.1320E+00
      4.2600E-01       8.0624E+00
      4.2800E-01       7.9924E+00
      4.3000E-01       7.9221E+00
      4.3200E-01       7.8514E+00
      4.3400E-01       7.7804E+00
      4.3600E-01       7.7091E+00
      4.3800E-01       7.6374E+00
      4.4000E-01       7.5655E+00
      4.4200E-01       7.4933E+00
      4.4400E-01       7.4209E+00
      4.4600E-01       7.3483E+00
      4.4800E-01       7.2754E+00
      4.5000E-01       7.2024E+00
      4.5200E-01       7.1292E+00
      4.5400E-01       7.0558E+00
      4.5600E-01       6.9824E+00
      4.5800E-01       6.9088E+00
      4.6000E-01       6.8351E+00
      4.6200E-01       6.7614E+00
      4.6400E-01       6.6877E+00
      4.6600E-01       6.6139E+00
      4.6800E-01       6.5401E+00
      4.7000E-01       6.4664E+00
      4.7200E-01       6.3927E+00
      4.7400E-01       6.3190E+00
      4.7600E-01       6.2455E+00
      4.7800E-01       6.1720E+00
      4.8000E-01       6.0987E+00
      4.8200E-01       6.0256E+00
      4.8400E-01       5.9526E+00
      4.8600E-01       5.8797E+00
      4.8800E-01       5.8071E+00
      4.9000E-01       5.7348E+00
      4.9200E-01       5.6626E+00
      4.9400E-01       5.5908E+00
      4.9600E-01       5.5192E+00
      4.9800E-01       5.4479E+00
      5.0000E-01       5.3769E+00
      5.0200E-01       5.3063E+00
      5.0400E-01       5.2360E+00
      5.0600E-01       5.1661E+00
      5.0800E-01       5.0966E+00
      5.1000E-01       5.0275E+00
      5.1200E-01       4.9588E+00
      5.1400E-01       4.8906E+00
      5.1600E-01       4.8228E+00
      5.1800E-01       4.7554E+00
      5.2000E-01       4.6886E+00
      5.2200E-01       4.6222E+00
      5.2400E-01       4.5563E+00
      5.2600E-01       4.4909E+00
      5.2800E-01       4.4261E+00
      5.3000E-01       4.3618E+00
      5.3200E-01       4.2980E+00
      5.3400E-01       4.2348E+00
      5.3600E-01       4.1722E+00
      5.3800E-01       4.1102E+00
      5.4000E-01       4.0487E+00
      5.4200E-01       3.9878E+00
      5.4400E-01       3.9275E+00
      5.4600E-01       3.8678E+00
      5.4800E-01       3.8088E+00
      5.5000E-01       3.7503E+00
      5.5200E-01       3.6925E+00
      5.5400E-01       3.6353E+00
      5.5600E-01       3.5788E+00
      5.5800E-01       3.5229E+00
      5.6000E-01       3.4676E+00
      5.6200E-01       3.4129E+00
      5.6400E-01       3.3590E+00
      5.6600E-01       3.3056E+00
      5.6800E-01       3.2529E+00
      5.7000E-01       3.2009E+00
      5.7200E-01       3.1495E+00
      5.7400E-01       3.0988E+00
      5.7600E-01       3.0487E+00
      5.7800E-01       2.9993E+00
      5.8000E-01       2.9505E+00
      5.8200E-01       2.9024E+00
      5.8400E-01       2.8549E+00
      5.8600E-01       2.8081E+00
      5.8800E-01       2.7619E+00
      5.9000E-01       2.7164E+00
      5.9200E-01       2.6715E+00
      5.9400E-01       2.6272E+00
      5.9600E-01       2.5836E+00
      5.9800E-01       2.5406E+00
      6.0000E-01       2.4983E+00
      6.0200E-01       2.4565E+00
      6.0400E-01       2.4154E+00
      6.0600E-01       2.3749E+00
      6.0800E-01       2.3350E+00
      6.1000E-01       2.2957E+00
      6.1200E-01       2.2570E+00
      6.1400E-01       2.2190E+00
      6.1600E-01       2.1815E+00
      6.1800E-01       2.1446E+00
      6.2000E-01       2.1082E+00
      6.2200E-01       2.0725E+00
      6.2400E-01       2.0373E+00
      6.2600E-01       2.0027E+00
      6.2800E-01       1.9686E+00
      6.3000E-01       1.9351E+00
      6.3200E-01       1.9021E+00
      6.3400E-01       1.8697E+00
      6.3600E-01       1.8378E+00
      6.3800E-01       1.8064E+00
      6.4000E-01       1.7756E+00
      6.4200E-01       1.7452E+00
      6.4400E-01       1.7154E+00
      6.4600E-01       1.6861E+00
      6.4800E-01       1.6572E+00
      6.5000E-01       1.6289E+00
      6.5200E-01       1.6010E+00
      6.5400E-01       1.5736E+00
      6.5600E-01       1.5467E+00
      6.5800E-01       1.5202E+00
      6.6000E-01       1.4942E+00
      6.6200E-01       1.4686E+00
      6.6400E-01       1.4435E+00
      6.6600E-01       1.4188E+00
      6.6800E-01       1.3946E+00
      6.7000E-01       1.3707E+00
      6.7200E-01       1.3473E+00
      6.7400E-01       1.3243E+00
      6.7600E-01       1.3016E+00
      6.7800E-01       1.2794E+00
      6.8000E-01       1.2576E+00
      6.8200E-01       1.2361E+00
      6.8400E-01       1.2151E+00
      6.8600E-01       1.1944E+00
      6.8800E-01       1.1740E+00
      6.9000E-01       1.1541E+00
      6.9200E-01       1.1344E+00
      6.9400E-01       1.1152E+00
      6.9600E-01       1.0962E+00
      6.9800E-01       1.0776E+00
      7.0000E-01       1.0593E+00
      7.0200E-01       1.0414E+00
      7.0400E-01       1.0238E+00
      7.0600E-01       1.0065E+00
      7.0800E-01       9.8946E-01
      7.1000E-01       9.7276E-01
      7.1200E-01       9.5636E-01
      7.1400E-01       9.4025E-01
      7.1600E-01       9.2442E-01
      7.1800E-01       9.0888E-01
      7.2000E-01       8.9361E-01
      7.2200E-01       8.7862E-01
      7.2400E-01       8.6389E-01
      7.2600E-01       8.4943E-01
      7.2800E-01       8.3522E-01
      7.3000E-01       8.2127E-01
      7.3200E-01       8.0756E-01
      7.3400E-01       7.9410E-01
      7.3600E-01       7.8088E-01
      7.3800E-01       7.6790E-01
      7.4000E-01       7.5514E-01
      7.4200E-01       7.4261E-01
      7.4400E-01       7.3031E-01
      7.4600E-01       7.1822E-01
      7.4800E-01       7.0635E-01
      7.5000E-01       6.9469E-01
      7.5200E-01       6.8323E-01
      7.5400E-01       6.7198E-01
      7.5600E-01       6.6092E-01
      7.5800E-01       6.5007E-01
      7.6000E-01       6.3940E-01
      7.6200E-01       6.2892E-01
      7.6400E-01       6.1863E-01
      7.6600E-01       6.0852E-01
      7.6800E-01       5.9858E-01
      7.7000E-01       5.8882E-01
      7.7200E-01       5.7924E-01
      7.7400E-01       5.6982E-01
      7.7600E-01       5.6056E-01
      7.7800E-01       5.5147E-01
      7.8000E-01       5.4254E-01
      7.8200E-01       5.3376E-01
      7.8400E-01       5.2513E-01
      7.8600E-01       5.1666E-01
      7.8800E-01       5.0833E-01
      7.9000E-01       5.0015E-01
      7.9200E-01       4.9211E-01
      7.9400E-01       4.8421E-01
      7.9600E-01       4.7644E-01
      7.9800E-01       4.6881E-01
      8.0000E-01       4.6132E-01
      8.0200E-01       4.5395E-01
      8.0400E-01       4.4670E-01
      8.0600E-01       4.3958E-01
      8.0800E-01       4.3259E-01
      8.1000E-01       4.2571E-01
      8.1200E-01       4.1895E-01
      8.1400E-01       4.1231E-01
      8.1600E-01       4.0578E-01
      8.1800E-01       3.9936E-01
      8.2000E-01       3.9305E-01
      8.2200E-01       3.8684E-01
      8.2400E-01       3.8074E-01
      8.2600E-01       3.7475E-01
      8.2800E-01       3.6885E-01
      8.3000E-01       3.6306E-01
      8.3200E-01       3.5736E-01
      8.3400E-01       3.5176E-01
      8.3600E-01       3.4625E-01
      8.3800E-01       3.4083E-01
      8.4000E-01       3.3551E-01
      8.4200E-01       3.3027E-01
      8.4400E-01       3.2512E-01
      8.4600E-01       3.2005E-01
      8.4800E-01       3.1507E-01
      8.5000E-01       3.1017E-01
      8.5200E-01       3.0536E-01
      8.5400E-01       3.0062E-01
      8.5600E-01       2.9596E-01
      8.5800E-01       2.9137E-01
      8.6000E-01       2.8686E-01
      8.6200E-01       2.8243E-01
      8.6400E-01       2.7806E-01
      8.6600E-01       2.7377E-01
      8.6800E-01       2.6955E-01
      8.7000E-01       2.6539E-01
      8.7200E-01       2.6130E-01
      8.7400E-01       2.5728E-01
      8.7600E-01       2.5333E-01
      8.7800E-01       2.4943E-01
      8.8000E-01       2.4560E-01
      8.8200E-01       2.4183E-01
      8.8400E-01       2.3812E-01
      8.8600E-01       2.3447E-01
      8.8800E-01       2.3088E-01
      8.9000E-01       2.2734E-01
      8.9200E-01       2.2386E-01
      8.9400E-01       2.2044E-01
      8.9600E-01       2.1707E-01
      8.9800E-01       2.1375E-01
      9.0000E-01       2.1048E-01
      9.0200E-01       2.0727E-01
      9.0400E-01       2.0410E-01
      9.0600E-01       2.0098E-01
      9.0800E-01       1.9792E-01
      9.1000E-01       1.9490E-01
      9.1200E-01       1.9192E-01
      9.1400E-01       1.8899E-01
      9.1600E-01       1.8611E-01
      9.1800E-01       1.8327E-01
      9.2000E-01       1.8048E-01
      9.2200E-01       1.7772E-01
      9.2400E-01       1.7501E-01
      9.2600E-01       1.7234E-01
      9.2800E-01       1.6971E-01
      9.3000E-01       1.6712E-01
      9.3200E-01       1.6457E-01
      9.3400E-01       1.6206E-01
      9.3600E-01       1.5958E-01
      9.3800E-01       1.5715E-01
      9.4000E-01       1.5474E-01
      9.4200E-01       1.5238E-01
      9.4400E-01       1.5005E-01
      9.4600E-01       1.4775E-01
      9.4800E-01       1.4548E-01
      9.5000E-01       1.4325E-01
      9.5200E-01       1.4106E-01
      9.5400E-01       1.3889E-01
      9.5600E-01       1.3676E-01
      9.5800E-01       1.3465E-01
      9.6000E-01       1.3258E-01
      9.6200E-01       1.3053E-01
      9.6400E-01       1.2852E-01
      9.6600E-01       1.2653E-01
      9.6800E-01       1.2458E-01
      9.7000E-01       1.2265E-01
      9.7200E-01       1.2074E-01
      9.7400E-01       1.1887E-01
      9.7600E-01       1.1702E-01
      9.7800E-01       1.1519E-01
      9.8000E-01       1.1339E-01
      9.8200E-01       1.1162E-01
      9.8400E-01       1.0987E-01
      9.8600E-01       1.0815E-01
      9.8800E-01       1.0644E-01
      9.9000E-01       1.0477E-01
      9.9200E-01       1.0311E-01
      9.9400E-01       1.0148E-01
      9.9600E-01       9.9864E-02
      9.9800E-01       9.8274E-02
      1.0000E+00       9.6705E-02
      1.0020E+00       9.5157E-02
      1.0040E+00       9.3630E-02
      1.0060E+00       9.2122E-02
      1.0080E+00       9.0634E-02
      1.0100E+00       8.9165E-02
      1.0120E+00       8.7716E-02
      1.0140E+00       8.6285E-02
      1.0160E+00       8.4872E-02
      1.0180E+00       8.3477E-02
      1.0200E+00       8.2100E-02
      1.0220E+00       8.0740E-02
      1.0240E+00       7.9397E-02
      1.0260E+00       7.8071E-02
      1.0280E+00       7.6761E-02
      1.0300E+00       7.5468E-02
      1.0320E+00       7.4190E-02
      1.0340E+00       7.2927E-02
      1.0360E+00       7.1680E-02
      1.0380E+00       7.0448E-02
      1.0400E+00       6.9230E-02
      1.0420E+00       6.8027E-02
      1.0440E+00       6.6838E-02
      1.0460E+00       6.5662E-02
      1.0480E+00       6.4500E-02
      1.0500E+00       6.3352E-02
      1.0520E+00       6.2216E-02
      1.0540E+00       6.1094E-02
      1.0560E+00       5.9983E-02
      1.0580E+00       5.8885E-02
      1.0600E+00       5.7799E-02
      1.0620E+00       5.6725E-02
      1.0640E+00       5.5663E-02
      1.0660E+00       5.4612E-02
      1.0680E+00       5.3572E-02
      1.0700E+00       5.2542E-02
      1.0720E+00       5.1524E-02
      1.0740E+00       5.0516E-02
      1.0760E+00       4.9518E-02
      1.0780E+00       4.8530E-02
      1.0800E+00       4.7552E-02
      1.0820E+00       4.6584E-02
      1.0840E+00       4.5625E-02
      1.0860E+00       4.4675E-02
      1.0880E+00       4.3734E-02
      1.0900E+00       4.2802E-02
      1.0920E+00       4.1878E-02
      1.0940E+00       4.0963E-02
      1.0960E+00       4.0056E-02
      1.0980E+00       3.9157E-02
      1.1000E+00       3.8266E-02
      1.1020E+00       3.7382E-02
      1.1040E+00       3.6506E-02
      1.1060E+00       3.5637E-02
      1.1080E+00       3.4776E-02
      1.1100E+00       3.3921E-02
      1.1120E+00       3.3073E-02
      1.1140E+00       3.2231E-02
      1.1160E+00       3.1396E-02
      1.1180E+00       3.0567E-02
      1.1200E+00       2.9744E-02
      1.1220E+00       2.8927E-02
      1.1240E+00       2.8116E-02
      1.1260E+00       2.7310E-02
      1.1280E+00       2.6510E-02
      1.1300E+00       2.5715E-02
      1.1320E+00       2.4925E-02
      1.1340E+00       2.4139E-02
      1.1360E+00       2.3359E-02
      1.1380E+00       2.2583E-02
      1.1400E+00       2.1812E-02
      1.1420E+00       2.1045E-02
      1.1440E+00       2.0282E-02
      1.1460E+00       1.9523E-02
      1.1480E+00       1.8768E-02
      1.1500E+00       1.8016E-02
      1.1520E+00       1.7268E-02
      1.1540E+00       1.6523E-02
      1.1560E+00       1.5782E-02
      1.1580E+00       1.5044E-02
      1.1600E+00       1.4308E-02
      1.1620E+00       1.3576E-02
      1.1640E+00       1.2846E-02
      1.1660E+00       1.2119E-02
      1.1680E+00       1.1394E-02
      1.1700E+00       1.0671E-02
      1.1720E+00       9.9501E-03
      1.1740E+00       9.2313E-03
      1.1760E+00       8.5143E-03
      1.1780E+00       7.7989E-03
      1.1800E+00       7.0851E-03
      1.1820E+00       6.3727E-03
      1.1840E+00       5.6615E-03
      1.1860E+00       4.9514E-03
      1.1880E+00       4.2423E-03
      1.1900E+00       3.5340E-03
      1.1920E+00       2.8264E-03
      1.1940E+00       2.1193E-03
      1.1960E+00       1.4126E-03
      1.1980E+00       7.0622E-04
      1.2000E+00       0.0000E+00
